uuid,ticketsubmissiondate,comment_count,average_comment_length,average_similarity,30lb_bot flag
fdbfd533-c5db-4e6c-8a7d-5825de02d7d8,2026-04-01,12,835.7,99.72%,BOT
fdbfd533-c5db-4e6c-8a7d-5825de02d7d8,2026-04-02,4,837.0,99.58%,BOT
fdbfd533-c5db-4e6c-8a7d-5825de02d7d8,2026-04-03,8,834.6,99.98%,BOT
fdbfd533-c5db-4e6c-8a7d-5825de02d7d8,2026-04-04,5,835.5,99.68%,BOT
fdbfd533-c5db-4e6c-8a7d-5825de02d7d8,04/05/2026,8,837.2,99.86%,BOT
fdbfd533-c5db-4e6c-8a7d-5825de02d7d8,04/06/2026,0,0.0,0.00%,BOT
fdbfd533-c5db-4e6c-8a7d-5825de02d7d8,2026-04-07,0,0.0,0.00%,BOT
fdbfd533-c5db-4e6c-8a7d-5825de02d7d8,04/08/2026,12,835.2,99.81%,BOT
fdbfd533-c5db-4e6c-8a7d-5825de02d7d8,2026-04-09,9,836.3,99.85%,BOT
fdbfd533-c5db-4e6c-8a7d-5825de02d7d8,04/10/2026,7,837.1,99.99%,BOT
fdbfd533-c5db-4e6c-8a7d-5825de02d7d8,04/11/2026,0,0.0,0.00%,BOT
fdbfd533-c5db-4e6c-8a7d-5825de02d7d8,2026-04-12,0,0.0,0.00%,BOT
fdbfd533-c5db-4e6c-8a7d-5825de02d7d8,2026-04-13,0,0.0,0.00%,BOT
fdbfd533-c5db-4e6c-8a7d-5825de02d7d8,04/14/2026,9,834.7,99.68%,BOT
fdbfd533-c5db-4e6c-8a7d-5825de02d7d8,04/15/2026,0,0.0,0.00%,BOT
fdbfd533-c5db-4e6c-8a7d-5825de02d7d8,04/16/2026,5,836.4,99.59%,BOT
fdbfd533-c5db-4e6c-8a7d-5825de02d7d8,04/17/2026,6,835.8,99.63%,BOT
fdbfd533-c5db-4e6c-8a7d-5825de02d7d8,04/18/2026,12,834.9,99.66%,BOT
fdbfd533-c5db-4e6c-8a7d-5825de02d7d8,2026-04-19,4,834.9,99.52%,BOT
fdbfd533-c5db-4e6c-8a7d-5825de02d7d8,2026-04-20,0,0.0,0.00%,BOT
fdbfd533-c5db-4e6c-8a7d-5825de02d7d8,04/21/2026,7,837.7,99.78%,BOT
fdbfd533-c5db-4e6c-8a7d-5825de02d7d8,04/22/2026,7,836.6,99.70%,BOT
fdbfd533-c5db-4e6c-8a7d-5825de02d7d8,04/23/2026,11,834.6,99.57%,BOT
fdbfd533-c5db-4e6c-8a7d-5825de02d7d8,04/24/2026,12,835.1,99.79%,BOT
fdbfd533-c5db-4e6c-8a7d-5825de02d7d8,2026-04-25,0,0.0,0.00%,BOT
fdbfd533-c5db-4e6c-8a7d-5825de02d7d8,2026-04-26,0,0.0,0.00%,BOT
fdbfd533-c5db-4e6c-8a7d-5825de02d7d8,2026-04-27,6,836.0,99.55%,BOT
fdbfd533-c5db-4e6c-8a7d-5825de02d7d8,04/28/2026,5,834.6,99.58%,BOT
fdbfd533-c5db-4e6c-8a7d-5825de02d7d8,2026-04-29,5,835.5,99.80%,BOT
fdbfd533-c5db-4e6c-8a7d-5825de02d7d8,2026-04-30,8,837.9,99.93%,BOT
ab2dfc7d-4f80-496d-b3f5-90b43f1c8f7f,04/01/2026,6,835.5,99.58%,BOT
ab2dfc7d-4f80-496d-b3f5-90b43f1c8f7f,2026-04-02,12,837.7,99.80%,BOT
ab2dfc7d-4f80-496d-b3f5-90b43f1c8f7f,04/03/2026,5,837.7,99.94%,BOT
ab2dfc7d-4f80-496d-b3f5-90b43f1c8f7f,04/04/2026,8,835.0,99.62%,BOT
ab2dfc7d-4f80-496d-b3f5-90b43f1c8f7f,2026-04-05,5,834.3,99.74%,BOT
ab2dfc7d-4f80-496d-b3f5-90b43f1c8f7f,2026-04-06,12,837.1,99.56%,BOT
ab2dfc7d-4f80-496d-b3f5-90b43f1c8f7f,04/07/2026,0,0.0,0.00%,BOT
ab2dfc7d-4f80-496d-b3f5-90b43f1c8f7f,2026-04-08,0,0.0,0.00%,BOT
ab2dfc7d-4f80-496d-b3f5-90b43f1c8f7f,04/09/2026,10,837.9,99.96%,BOT
ab2dfc7d-4f80-496d-b3f5-90b43f1c8f7f,04/10/2026,7,836.9,99.70%,BOT
ab2dfc7d-4f80-496d-b3f5-90b43f1c8f7f,2026-04-11,9,835.8,99.76%,BOT
ab2dfc7d-4f80-496d-b3f5-90b43f1c8f7f,2026-04-12,0,0.0,0.00%,BOT
ab2dfc7d-4f80-496d-b3f5-90b43f1c8f7f,04/13/2026,9,834.1,99.78%,BOT
ab2dfc7d-4f80-496d-b3f5-90b43f1c8f7f,2026-04-14,4,834.3,99.82%,BOT
ab2dfc7d-4f80-496d-b3f5-90b43f1c8f7f,2026-04-15,4,837.4,99.54%,BOT
ab2dfc7d-4f80-496d-b3f5-90b43f1c8f7f,04/16/2026,11,834.9,99.57%,BOT
ab2dfc7d-4f80-496d-b3f5-90b43f1c8f7f,04/17/2026,0,0.0,0.00%,BOT
ab2dfc7d-4f80-496d-b3f5-90b43f1c8f7f,2026-04-18,11,835.0,99.74%,BOT
ab2dfc7d-4f80-496d-b3f5-90b43f1c8f7f,2026-04-19,0,0.0,0.00%,BOT
ab2dfc7d-4f80-496d-b3f5-90b43f1c8f7f,04/20/2026,0,0.0,0.00%,BOT
ab2dfc7d-4f80-496d-b3f5-90b43f1c8f7f,04/21/2026,9,835.7,99.73%,BOT
ab2dfc7d-4f80-496d-b3f5-90b43f1c8f7f,04/22/2026,5,834.2,99.86%,BOT
ab2dfc7d-4f80-496d-b3f5-90b43f1c8f7f,2026-04-23,0,0.0,0.00%,BOT
ab2dfc7d-4f80-496d-b3f5-90b43f1c8f7f,2026-04-24,0,0.0,0.00%,BOT
ab2dfc7d-4f80-496d-b3f5-90b43f1c8f7f,2026-04-25,12,835.8,99.71%,BOT
ab2dfc7d-4f80-496d-b3f5-90b43f1c8f7f,04/26/2026,7,837.5,99.54%,BOT
ab2dfc7d-4f80-496d-b3f5-90b43f1c8f7f,04/27/2026,12,834.4,99.83%,BOT
ab2dfc7d-4f80-496d-b3f5-90b43f1c8f7f,04/28/2026,4,837.9,99.96%,BOT
ab2dfc7d-4f80-496d-b3f5-90b43f1c8f7f,04/29/2026,6,835.6,99.74%,BOT
ab2dfc7d-4f80-496d-b3f5-90b43f1c8f7f,04/30/2026,0,0.0,0.00%,BOT
db52fa2c-c07f-40e0-87f6-3c0f7c484c56,2026-04-01,12,901.7,99.77%,BOT
db52fa2c-c07f-40e0-87f6-3c0f7c484c56,04/02/2026,12,898.3,99.59%,BOT
db52fa2c-c07f-40e0-87f6-3c0f7c484c56,04/03/2026,0,0.0,0.00%,BOT
db52fa2c-c07f-40e0-87f6-3c0f7c484c56,2026-04-04,0,0.0,0.00%,BOT
db52fa2c-c07f-40e0-87f6-3c0f7c484c56,04/05/2026,5,901.8,99.78%,BOT
db52fa2c-c07f-40e0-87f6-3c0f7c484c56,04/06/2026,4,900.5,99.71%,BOT
db52fa2c-c07f-40e0-87f6-3c0f7c484c56,04/07/2026,12,899.3,99.63%,BOT
db52fa2c-c07f-40e0-87f6-3c0f7c484c56,2026-04-08,0,0.0,0.00%,BOT
db52fa2c-c07f-40e0-87f6-3c0f7c484c56,2026-04-09,8,899.6,99.84%,BOT
db52fa2c-c07f-40e0-87f6-3c0f7c484c56,2026-04-10,9,901.7,99.97%,BOT
db52fa2c-c07f-40e0-87f6-3c0f7c484c56,04/11/2026,0,0.0,0.00%,BOT
db52fa2c-c07f-40e0-87f6-3c0f7c484c56,2026-04-12,5,898.3,99.61%,BOT
db52fa2c-c07f-40e0-87f6-3c0f7c484c56,2026-04-13,9,901.5,99.94%,BOT
db52fa2c-c07f-40e0-87f6-3c0f7c484c56,2026-04-14,6,899.8,99.77%,BOT
db52fa2c-c07f-40e0-87f6-3c0f7c484c56,2026-04-15,12,898.0,99.91%,BOT
db52fa2c-c07f-40e0-87f6-3c0f7c484c56,2026-04-16,5,901.8,99.57%,BOT
db52fa2c-c07f-40e0-87f6-3c0f7c484c56,2026-04-17,0,0.0,0.00%,BOT
db52fa2c-c07f-40e0-87f6-3c0f7c484c56,2026-04-18,12,898.6,99.64%,BOT
db52fa2c-c07f-40e0-87f6-3c0f7c484c56,2026-04-19,9,898.8,99.82%,BOT
db52fa2c-c07f-40e0-87f6-3c0f7c484c56,2026-04-20,0,0.0,0.00%,BOT
db52fa2c-c07f-40e0-87f6-3c0f7c484c56,04/21/2026,0,0.0,0.00%,BOT
db52fa2c-c07f-40e0-87f6-3c0f7c484c56,2026-04-22,4,898.4,99.71%,BOT
db52fa2c-c07f-40e0-87f6-3c0f7c484c56,04/23/2026,4,899.3,99.57%,BOT
db52fa2c-c07f-40e0-87f6-3c0f7c484c56,2026-04-24,6,901.0,99.78%,BOT
db52fa2c-c07f-40e0-87f6-3c0f7c484c56,04/25/2026,4,898.4,99.97%,BOT
db52fa2c-c07f-40e0-87f6-3c0f7c484c56,04/26/2026,6,900.2,99.92%,BOT
db52fa2c-c07f-40e0-87f6-3c0f7c484c56,2026-04-27,6,899.7,99.52%,BOT
db52fa2c-c07f-40e0-87f6-3c0f7c484c56,04/28/2026,0,0.0,0.00%,BOT
db52fa2c-c07f-40e0-87f6-3c0f7c484c56,2026-04-29,4,901.6,99.61%,BOT
db52fa2c-c07f-40e0-87f6-3c0f7c484c56,04/30/2026,5,899.4,99.78%,BOT
d893067e-f716-425d-8fb1-1e3f280aa191,2026-04-01,8,851.3,99.94%,BOT
d893067e-f716-425d-8fb1-1e3f280aa191,04/02/2026,0,0.0,0.00%,BOT
d893067e-f716-425d-8fb1-1e3f280aa191,2026-04-03,0,0.0,0.00%,BOT
d893067e-f716-425d-8fb1-1e3f280aa191,2026-04-04,8,851.5,99.98%,BOT
d893067e-f716-425d-8fb1-1e3f280aa191,04/05/2026,0,0.0,0.00%,BOT
d893067e-f716-425d-8fb1-1e3f280aa191,2026-04-06,10,850.7,99.92%,BOT
d893067e-f716-425d-8fb1-1e3f280aa191,2026-04-07,4,848.5,99.99%,BOT
d893067e-f716-425d-8fb1-1e3f280aa191,2026-04-08,8,848.2,99.80%,BOT
d893067e-f716-425d-8fb1-1e3f280aa191,2026-04-09,9,849.7,99.99%,BOT
d893067e-f716-425d-8fb1-1e3f280aa191,04/10/2026,0,0.0,0.00%,BOT
d893067e-f716-425d-8fb1-1e3f280aa191,2026-04-11,7,849.0,99.85%,BOT
d893067e-f716-425d-8fb1-1e3f280aa191,04/12/2026,12,850.7,99.97%,BOT
d893067e-f716-425d-8fb1-1e3f280aa191,2026-04-13,0,0.0,0.00%,BOT
d893067e-f716-425d-8fb1-1e3f280aa191,2026-04-14,10,848.3,99.83%,BOT
d893067e-f716-425d-8fb1-1e3f280aa191,2026-04-15,0,0.0,0.00%,BOT
d893067e-f716-425d-8fb1-1e3f280aa191,2026-04-16,5,850.9,99.65%,BOT
d893067e-f716-425d-8fb1-1e3f280aa191,2026-04-17,0,0.0,0.00%,BOT
d893067e-f716-425d-8fb1-1e3f280aa191,2026-04-18,0,0.0,0.00%,BOT
d893067e-f716-425d-8fb1-1e3f280aa191,04/19/2026,8,850.2,99.60%,BOT
d893067e-f716-425d-8fb1-1e3f280aa191,04/20/2026,10,850.7,99.95%,BOT
d893067e-f716-425d-8fb1-1e3f280aa191,2026-04-21,8,849.6,99.92%,BOT
d893067e-f716-425d-8fb1-1e3f280aa191,04/22/2026,7,849.7,99.79%,BOT
d893067e-f716-425d-8fb1-1e3f280aa191,04/23/2026,11,849.8,99.84%,BOT
d893067e-f716-425d-8fb1-1e3f280aa191,04/24/2026,6,850.6,99.64%,BOT
d893067e-f716-425d-8fb1-1e3f280aa191,2026-04-25,9,848.4,99.98%,BOT
d893067e-f716-425d-8fb1-1e3f280aa191,2026-04-26,8,848.9,99.60%,BOT
d893067e-f716-425d-8fb1-1e3f280aa191,04/27/2026,7,851.9,99.81%,BOT
d893067e-f716-425d-8fb1-1e3f280aa191,2026-04-28,11,849.7,99.81%,BOT
d893067e-f716-425d-8fb1-1e3f280aa191,04/29/2026,10,850.0,99.62%,BOT
d893067e-f716-425d-8fb1-1e3f280aa191,04/30/2026,4,851.6,99.93%,BOT
f15f99d3-2790-425a-8bfd-9cf0ed3c3180,2026-04-01,0,0.0,0.00%,BOT
f15f99d3-2790-425a-8bfd-9cf0ed3c3180,04/02/2026,7,901.4,99.64%,BOT
f15f99d3-2790-425a-8bfd-9cf0ed3c3180,2026-04-03,0,0.0,0.00%,BOT
f15f99d3-2790-425a-8bfd-9cf0ed3c3180,2026-04-04,7,899.1,99.54%,BOT
f15f99d3-2790-425a-8bfd-9cf0ed3c3180,2026-04-05,8,899.3,99.95%,BOT
f15f99d3-2790-425a-8bfd-9cf0ed3c3180,04/06/2026,6,898.9,99.85%,BOT
f15f99d3-2790-425a-8bfd-9cf0ed3c3180,2026-04-07,5,899.7,99.67%,BOT
f15f99d3-2790-425a-8bfd-9cf0ed3c3180,04/08/2026,4,898.8,99.71%,BOT
f15f99d3-2790-425a-8bfd-9cf0ed3c3180,2026-04-09,4,901.4,99.88%,BOT
f15f99d3-2790-425a-8bfd-9cf0ed3c3180,2026-04-10,4,901.8,99.65%,BOT
f15f99d3-2790-425a-8bfd-9cf0ed3c3180,04/11/2026,10,900.2,99.87%,BOT
f15f99d3-2790-425a-8bfd-9cf0ed3c3180,2026-04-12,7,900.0,99.64%,BOT
f15f99d3-2790-425a-8bfd-9cf0ed3c3180,2026-04-13,10,899.3,99.84%,BOT
f15f99d3-2790-425a-8bfd-9cf0ed3c3180,04/14/2026,6,901.4,99.96%,BOT
f15f99d3-2790-425a-8bfd-9cf0ed3c3180,04/15/2026,12,898.1,99.70%,BOT
f15f99d3-2790-425a-8bfd-9cf0ed3c3180,04/16/2026,4,898.3,99.71%,BOT
f15f99d3-2790-425a-8bfd-9cf0ed3c3180,2026-04-17,6,898.2,99.69%,BOT
f15f99d3-2790-425a-8bfd-9cf0ed3c3180,2026-04-18,9,899.4,99.94%,BOT
f15f99d3-2790-425a-8bfd-9cf0ed3c3180,04/19/2026,0,0.0,0.00%,BOT
f15f99d3-2790-425a-8bfd-9cf0ed3c3180,2026-04-20,10,899.0,99.54%,BOT
f15f99d3-2790-425a-8bfd-9cf0ed3c3180,2026-04-21,12,898.2,99.98%,BOT
f15f99d3-2790-425a-8bfd-9cf0ed3c3180,04/22/2026,5,901.1,99.83%,BOT
f15f99d3-2790-425a-8bfd-9cf0ed3c3180,2026-04-23,7,898.8,99.51%,BOT
f15f99d3-2790-425a-8bfd-9cf0ed3c3180,04/24/2026,6,899.9,99.56%,BOT
f15f99d3-2790-425a-8bfd-9cf0ed3c3180,2026-04-25,11,900.8,99.88%,BOT
f15f99d3-2790-425a-8bfd-9cf0ed3c3180,2026-04-26,5,901.1,99.58%,BOT
f15f99d3-2790-425a-8bfd-9cf0ed3c3180,04/27/2026,0,0.0,0.00%,BOT
f15f99d3-2790-425a-8bfd-9cf0ed3c3180,2026-04-28,8,900.3,99.95%,BOT
f15f99d3-2790-425a-8bfd-9cf0ed3c3180,04/29/2026,7,898.3,99.85%,BOT
f15f99d3-2790-425a-8bfd-9cf0ed3c3180,04/30/2026,5,900.8,99.65%,BOT
1cca78d2-81fc-4a81-b568-7fb5d9f47952,2026-04-01,6,900.9,99.98%,BOT
1cca78d2-81fc-4a81-b568-7fb5d9f47952,04/02/2026,12,901.1,99.73%,BOT
1cca78d2-81fc-4a81-b568-7fb5d9f47952,04/03/2026,8,899.3,99.62%,BOT
1cca78d2-81fc-4a81-b568-7fb5d9f47952,2026-04-04,0,0.0,0.00%,BOT
1cca78d2-81fc-4a81-b568-7fb5d9f47952,2026-04-05,0,0.0,0.00%,BOT
1cca78d2-81fc-4a81-b568-7fb5d9f47952,2026-04-06,11,900.3,99.83%,BOT
1cca78d2-81fc-4a81-b568-7fb5d9f47952,2026-04-07,11,901.4,99.59%,BOT
1cca78d2-81fc-4a81-b568-7fb5d9f47952,04/08/2026,8,899.4,99.94%,BOT
1cca78d2-81fc-4a81-b568-7fb5d9f47952,2026-04-09,0,0.0,0.00%,BOT
1cca78d2-81fc-4a81-b568-7fb5d9f47952,2026-04-10,0,0.0,0.00%,BOT
1cca78d2-81fc-4a81-b568-7fb5d9f47952,2026-04-11,7,898.3,99.86%,BOT
1cca78d2-81fc-4a81-b568-7fb5d9f47952,2026-04-12,7,900.8,99.82%,BOT
1cca78d2-81fc-4a81-b568-7fb5d9f47952,04/13/2026,0,0.0,0.00%,BOT
1cca78d2-81fc-4a81-b568-7fb5d9f47952,2026-04-14,5,899.2,99.70%,BOT
1cca78d2-81fc-4a81-b568-7fb5d9f47952,04/15/2026,0,0.0,0.00%,BOT
1cca78d2-81fc-4a81-b568-7fb5d9f47952,2026-04-16,9,899.9,99.77%,BOT
1cca78d2-81fc-4a81-b568-7fb5d9f47952,2026-04-17,12,899.3,99.85%,BOT
1cca78d2-81fc-4a81-b568-7fb5d9f47952,2026-04-18,8,898.9,99.86%,BOT
1cca78d2-81fc-4a81-b568-7fb5d9f47952,2026-04-19,12,901.8,99.85%,BOT
1cca78d2-81fc-4a81-b568-7fb5d9f47952,04/20/2026,0,0.0,0.00%,BOT
1cca78d2-81fc-4a81-b568-7fb5d9f47952,04/21/2026,8,900.9,99.99%,BOT
1cca78d2-81fc-4a81-b568-7fb5d9f47952,2026-04-22,8,901.9,99.92%,BOT
1cca78d2-81fc-4a81-b568-7fb5d9f47952,2026-04-23,0,0.0,0.00%,BOT
1cca78d2-81fc-4a81-b568-7fb5d9f47952,2026-04-24,8,898.1,99.77%,BOT
1cca78d2-81fc-4a81-b568-7fb5d9f47952,04/25/2026,0,0.0,0.00%,BOT
1cca78d2-81fc-4a81-b568-7fb5d9f47952,04/26/2026,12,899.2,99.97%,BOT
1cca78d2-81fc-4a81-b568-7fb5d9f47952,2026-04-27,11,898.4,99.51%,BOT
1cca78d2-81fc-4a81-b568-7fb5d9f47952,2026-04-28,11,899.8,99.59%,BOT
1cca78d2-81fc-4a81-b568-7fb5d9f47952,2026-04-29,11,898.5,99.53%,BOT
1cca78d2-81fc-4a81-b568-7fb5d9f47952,04/30/2026,4,898.6,99.91%,BOT
f38d12fa-402b-4e43-ac16-f7334d3a4088,2026-04-01,7,835.1,99.54%,BOT
f38d12fa-402b-4e43-ac16-f7334d3a4088,2026-04-02,12,834.3,99.50%,BOT
f38d12fa-402b-4e43-ac16-f7334d3a4088,04/03/2026,0,0.0,0.00%,BOT
f38d12fa-402b-4e43-ac16-f7334d3a4088,2026-04-04,8,834.1,99.64%,BOT
f38d12fa-402b-4e43-ac16-f7334d3a4088,2026-04-05,11,834.3,99.62%,BOT
f38d12fa-402b-4e43-ac16-f7334d3a4088,04/06/2026,0,0.0,0.00%,BOT
f38d12fa-402b-4e43-ac16-f7334d3a4088,04/07/2026,0,0.0,0.00%,BOT
f38d12fa-402b-4e43-ac16-f7334d3a4088,04/08/2026,7,835.7,99.77%,BOT
f38d12fa-402b-4e43-ac16-f7334d3a4088,04/09/2026,0,0.0,0.00%,BOT
f38d12fa-402b-4e43-ac16-f7334d3a4088,2026-04-10,6,834.3,99.58%,BOT
f38d12fa-402b-4e43-ac16-f7334d3a4088,04/11/2026,0,0.0,0.00%,BOT
f38d12fa-402b-4e43-ac16-f7334d3a4088,04/12/2026,0,0.0,0.00%,BOT
f38d12fa-402b-4e43-ac16-f7334d3a4088,2026-04-13,8,835.8,99.73%,BOT
f38d12fa-402b-4e43-ac16-f7334d3a4088,2026-04-14,10,837.8,99.75%,BOT
f38d12fa-402b-4e43-ac16-f7334d3a4088,04/15/2026,5,836.4,99.94%,BOT
f38d12fa-402b-4e43-ac16-f7334d3a4088,04/16/2026,8,834.1,99.61%,BOT
f38d12fa-402b-4e43-ac16-f7334d3a4088,2026-04-17,4,838.0,99.84%,BOT
f38d12fa-402b-4e43-ac16-f7334d3a4088,04/18/2026,4,837.1,99.59%,BOT
f38d12fa-402b-4e43-ac16-f7334d3a4088,04/19/2026,11,837.7,99.59%,BOT
f38d12fa-402b-4e43-ac16-f7334d3a4088,2026-04-20,11,837.9,99.74%,BOT
f38d12fa-402b-4e43-ac16-f7334d3a4088,2026-04-21,9,836.7,99.93%,BOT
f38d12fa-402b-4e43-ac16-f7334d3a4088,04/22/2026,0,0.0,0.00%,BOT
f38d12fa-402b-4e43-ac16-f7334d3a4088,04/23/2026,8,836.7,99.70%,BOT
f38d12fa-402b-4e43-ac16-f7334d3a4088,2026-04-24,4,835.8,99.66%,BOT
f38d12fa-402b-4e43-ac16-f7334d3a4088,2026-04-25,10,837.5,99.91%,BOT
f38d12fa-402b-4e43-ac16-f7334d3a4088,04/26/2026,12,835.8,99.53%,BOT
f38d12fa-402b-4e43-ac16-f7334d3a4088,2026-04-27,11,836.5,99.88%,BOT
f38d12fa-402b-4e43-ac16-f7334d3a4088,04/28/2026,0,0.0,0.00%,BOT
f38d12fa-402b-4e43-ac16-f7334d3a4088,04/29/2026,0,0.0,0.00%,BOT
f38d12fa-402b-4e43-ac16-f7334d3a4088,2026-04-30,11,837.5,99.74%,BOT
d17bcab1-bc60-4e0b-9190-f59edcd945cd,04/01/2026,10,834.8,99.80%,BOT
d17bcab1-bc60-4e0b-9190-f59edcd945cd,2026-04-02,0,0.0,0.00%,BOT
d17bcab1-bc60-4e0b-9190-f59edcd945cd,2026-04-03,5,835.1,99.90%,BOT
d17bcab1-bc60-4e0b-9190-f59edcd945cd,04/04/2026,12,835.1,99.50%,BOT
d17bcab1-bc60-4e0b-9190-f59edcd945cd,2026-04-05,11,837.5,99.72%,BOT
d17bcab1-bc60-4e0b-9190-f59edcd945cd,2026-04-06,9,836.2,99.77%,BOT
d17bcab1-bc60-4e0b-9190-f59edcd945cd,2026-04-07,9,837.5,99.99%,BOT
d17bcab1-bc60-4e0b-9190-f59edcd945cd,2026-04-08,10,834.9,99.89%,BOT
d17bcab1-bc60-4e0b-9190-f59edcd945cd,2026-04-09,11,836.8,99.91%,BOT
d17bcab1-bc60-4e0b-9190-f59edcd945cd,04/10/2026,6,836.0,99.52%,BOT
d17bcab1-bc60-4e0b-9190-f59edcd945cd,2026-04-11,9,837.5,99.94%,BOT
d17bcab1-bc60-4e0b-9190-f59edcd945cd,2026-04-12,12,837.6,99.51%,BOT
d17bcab1-bc60-4e0b-9190-f59edcd945cd,04/13/2026,0,0.0,0.00%,BOT
d17bcab1-bc60-4e0b-9190-f59edcd945cd,2026-04-14,6,834.3,99.89%,BOT
d17bcab1-bc60-4e0b-9190-f59edcd945cd,04/15/2026,10,836.6,99.93%,BOT
d17bcab1-bc60-4e0b-9190-f59edcd945cd,04/16/2026,12,835.5,99.66%,BOT
d17bcab1-bc60-4e0b-9190-f59edcd945cd,2026-04-17,11,837.5,99.52%,BOT
d17bcab1-bc60-4e0b-9190-f59edcd945cd,2026-04-18,8,838.0,99.87%,BOT
d17bcab1-bc60-4e0b-9190-f59edcd945cd,2026-04-19,5,837.0,99.85%,BOT
d17bcab1-bc60-4e0b-9190-f59edcd945cd,2026-04-20,0,0.0,0.00%,BOT
d17bcab1-bc60-4e0b-9190-f59edcd945cd,04/21/2026,8,837.6,99.52%,BOT
d17bcab1-bc60-4e0b-9190-f59edcd945cd,2026-04-22,8,835.4,99.72%,BOT
d17bcab1-bc60-4e0b-9190-f59edcd945cd,2026-04-23,10,836.3,99.90%,BOT
d17bcab1-bc60-4e0b-9190-f59edcd945cd,2026-04-24,0,0.0,0.00%,BOT
d17bcab1-bc60-4e0b-9190-f59edcd945cd,04/25/2026,10,836.5,99.62%,BOT
d17bcab1-bc60-4e0b-9190-f59edcd945cd,2026-04-26,0,0.0,0.00%,BOT
d17bcab1-bc60-4e0b-9190-f59edcd945cd,04/27/2026,11,836.6,99.73%,BOT
d17bcab1-bc60-4e0b-9190-f59edcd945cd,2026-04-28,11,837.6,99.84%,BOT
d17bcab1-bc60-4e0b-9190-f59edcd945cd,2026-04-29,0,0.0,0.00%,BOT
d17bcab1-bc60-4e0b-9190-f59edcd945cd,2026-04-30,0,0.0,0.00%,BOT
c3f8c0d6-e025-4903-8636-e8b8355aad01,04/01/2026,7,850.4,99.68%,BOT
c3f8c0d6-e025-4903-8636-e8b8355aad01,04/02/2026,0,0.0,0.00%,BOT
c3f8c0d6-e025-4903-8636-e8b8355aad01,04/03/2026,0,0.0,0.00%,BOT
c3f8c0d6-e025-4903-8636-e8b8355aad01,04/04/2026,6,850.5,99.95%,BOT
c3f8c0d6-e025-4903-8636-e8b8355aad01,2026-04-05,8,851.2,99.52%,BOT
c3f8c0d6-e025-4903-8636-e8b8355aad01,2026-04-06,0,0.0,0.00%,BOT
c3f8c0d6-e025-4903-8636-e8b8355aad01,2026-04-07,8,849.3,99.71%,BOT
c3f8c0d6-e025-4903-8636-e8b8355aad01,04/08/2026,12,851.5,99.68%,BOT
c3f8c0d6-e025-4903-8636-e8b8355aad01,04/09/2026,8,851.3,99.63%,BOT
c3f8c0d6-e025-4903-8636-e8b8355aad01,04/10/2026,11,851.9,99.65%,BOT
c3f8c0d6-e025-4903-8636-e8b8355aad01,04/11/2026,5,849.9,99.54%,BOT
c3f8c0d6-e025-4903-8636-e8b8355aad01,04/12/2026,7,851.4,99.86%,BOT
c3f8c0d6-e025-4903-8636-e8b8355aad01,2026-04-13,12,849.5,99.90%,BOT
c3f8c0d6-e025-4903-8636-e8b8355aad01,04/14/2026,12,848.5,99.68%,BOT
c3f8c0d6-e025-4903-8636-e8b8355aad01,04/15/2026,8,850.3,99.91%,BOT
c3f8c0d6-e025-4903-8636-e8b8355aad01,04/16/2026,5,850.7,99.74%,BOT
c3f8c0d6-e025-4903-8636-e8b8355aad01,04/17/2026,12,849.3,99.81%,BOT
c3f8c0d6-e025-4903-8636-e8b8355aad01,2026-04-18,11,851.6,99.65%,BOT
c3f8c0d6-e025-4903-8636-e8b8355aad01,2026-04-19,0,0.0,0.00%,BOT
c3f8c0d6-e025-4903-8636-e8b8355aad01,2026-04-20,4,849.2,99.75%,BOT
c3f8c0d6-e025-4903-8636-e8b8355aad01,04/21/2026,12,848.5,99.73%,BOT
c3f8c0d6-e025-4903-8636-e8b8355aad01,2026-04-22,12,849.7,99.87%,BOT
c3f8c0d6-e025-4903-8636-e8b8355aad01,04/23/2026,10,850.6,99.92%,BOT
c3f8c0d6-e025-4903-8636-e8b8355aad01,2026-04-24,8,848.1,99.69%,BOT
c3f8c0d6-e025-4903-8636-e8b8355aad01,04/25/2026,7,851.4,99.55%,BOT
c3f8c0d6-e025-4903-8636-e8b8355aad01,2026-04-26,12,851.6,99.82%,BOT
c3f8c0d6-e025-4903-8636-e8b8355aad01,2026-04-27,0,0.0,0.00%,BOT
c3f8c0d6-e025-4903-8636-e8b8355aad01,2026-04-28,5,851.8,99.91%,BOT
c3f8c0d6-e025-4903-8636-e8b8355aad01,2026-04-29,7,850.6,99.80%,BOT
c3f8c0d6-e025-4903-8636-e8b8355aad01,04/30/2026,0,0.0,0.00%,BOT
2211d95f-291a-49ee-b0e4-4daa4a6ad572,04/01/2026,4,835.4,99.89%,BOT
2211d95f-291a-49ee-b0e4-4daa4a6ad572,04/02/2026,4,834.7,99.53%,BOT
2211d95f-291a-49ee-b0e4-4daa4a6ad572,2026-04-03,12,834.5,99.53%,BOT
2211d95f-291a-49ee-b0e4-4daa4a6ad572,2026-04-04,0,0.0,0.00%,BOT
2211d95f-291a-49ee-b0e4-4daa4a6ad572,04/05/2026,5,835.8,99.61%,BOT
2211d95f-291a-49ee-b0e4-4daa4a6ad572,04/06/2026,0,0.0,0.00%,BOT
2211d95f-291a-49ee-b0e4-4daa4a6ad572,2026-04-07,12,835.2,99.82%,BOT
2211d95f-291a-49ee-b0e4-4daa4a6ad572,2026-04-08,11,837.4,99.71%,BOT
2211d95f-291a-49ee-b0e4-4daa4a6ad572,04/09/2026,11,834.3,99.54%,BOT
2211d95f-291a-49ee-b0e4-4daa4a6ad572,2026-04-10,0,0.0,0.00%,BOT
2211d95f-291a-49ee-b0e4-4daa4a6ad572,04/11/2026,8,836.5,99.79%,BOT
2211d95f-291a-49ee-b0e4-4daa4a6ad572,2026-04-12,0,0.0,0.00%,BOT
2211d95f-291a-49ee-b0e4-4daa4a6ad572,2026-04-13,12,835.2,99.75%,BOT
2211d95f-291a-49ee-b0e4-4daa4a6ad572,04/14/2026,5,837.4,99.83%,BOT
2211d95f-291a-49ee-b0e4-4daa4a6ad572,2026-04-15,7,835.7,99.94%,BOT
2211d95f-291a-49ee-b0e4-4daa4a6ad572,2026-04-16,11,835.6,99.86%,BOT
2211d95f-291a-49ee-b0e4-4daa4a6ad572,2026-04-17,9,836.7,99.69%,BOT
2211d95f-291a-49ee-b0e4-4daa4a6ad572,2026-04-18,11,834.3,99.92%,BOT
2211d95f-291a-49ee-b0e4-4daa4a6ad572,2026-04-19,5,837.0,99.69%,BOT
2211d95f-291a-49ee-b0e4-4daa4a6ad572,2026-04-20,0,0.0,0.00%,BOT
2211d95f-291a-49ee-b0e4-4daa4a6ad572,04/21/2026,0,0.0,0.00%,BOT
2211d95f-291a-49ee-b0e4-4daa4a6ad572,04/22/2026,0,0.0,0.00%,BOT
2211d95f-291a-49ee-b0e4-4daa4a6ad572,04/23/2026,5,835.6,99.94%,BOT
2211d95f-291a-49ee-b0e4-4daa4a6ad572,04/24/2026,10,837.5,99.86%,BOT
2211d95f-291a-49ee-b0e4-4daa4a6ad572,2026-04-25,8,835.4,99.79%,BOT
2211d95f-291a-49ee-b0e4-4daa4a6ad572,04/26/2026,11,834.9,99.55%,BOT
2211d95f-291a-49ee-b0e4-4daa4a6ad572,2026-04-27,9,834.5,99.64%,BOT
2211d95f-291a-49ee-b0e4-4daa4a6ad572,04/28/2026,10,837.4,99.99%,BOT
2211d95f-291a-49ee-b0e4-4daa4a6ad572,04/29/2026,12,834.1,99.96%,BOT
2211d95f-291a-49ee-b0e4-4daa4a6ad572,04/30/2026,8,834.1,99.64%,BOT
6ad49ec5-12cd-4ab1-8512-df18df38faf3,04/01/2026,4,836.7,99.64%,BOT
6ad49ec5-12cd-4ab1-8512-df18df38faf3,2026-04-02,11,836.4,99.71%,BOT
6ad49ec5-12cd-4ab1-8512-df18df38faf3,2026-04-03,12,834.5,99.71%,BOT
6ad49ec5-12cd-4ab1-8512-df18df38faf3,04/04/2026,0,0.0,0.00%,BOT
6ad49ec5-12cd-4ab1-8512-df18df38faf3,2026-04-05,11,836.1,99.65%,BOT
6ad49ec5-12cd-4ab1-8512-df18df38faf3,2026-04-06,4,834.0,99.65%,BOT
6ad49ec5-12cd-4ab1-8512-df18df38faf3,2026-04-07,6,837.1,99.64%,BOT
6ad49ec5-12cd-4ab1-8512-df18df38faf3,2026-04-08,11,837.0,99.59%,BOT
6ad49ec5-12cd-4ab1-8512-df18df38faf3,04/09/2026,0,0.0,0.00%,BOT
6ad49ec5-12cd-4ab1-8512-df18df38faf3,04/10/2026,0,0.0,0.00%,BOT
6ad49ec5-12cd-4ab1-8512-df18df38faf3,2026-04-11,9,834.3,99.93%,BOT
6ad49ec5-12cd-4ab1-8512-df18df38faf3,2026-04-12,4,835.8,99.54%,BOT
6ad49ec5-12cd-4ab1-8512-df18df38faf3,2026-04-13,10,836.3,99.85%,BOT
6ad49ec5-12cd-4ab1-8512-df18df38faf3,2026-04-14,5,835.6,99.98%,BOT
6ad49ec5-12cd-4ab1-8512-df18df38faf3,04/15/2026,0,0.0,0.00%,BOT
6ad49ec5-12cd-4ab1-8512-df18df38faf3,2026-04-16,11,837.3,99.96%,BOT
6ad49ec5-12cd-4ab1-8512-df18df38faf3,04/17/2026,5,835.0,99.79%,BOT
6ad49ec5-12cd-4ab1-8512-df18df38faf3,2026-04-18,10,837.5,99.87%,BOT
6ad49ec5-12cd-4ab1-8512-df18df38faf3,04/19/2026,6,834.3,99.82%,BOT
6ad49ec5-12cd-4ab1-8512-df18df38faf3,04/20/2026,7,837.6,99.67%,BOT
6ad49ec5-12cd-4ab1-8512-df18df38faf3,2026-04-21,6,834.9,99.57%,BOT
6ad49ec5-12cd-4ab1-8512-df18df38faf3,2026-04-22,6,837.0,99.83%,BOT
6ad49ec5-12cd-4ab1-8512-df18df38faf3,04/23/2026,11,835.9,99.78%,BOT
6ad49ec5-12cd-4ab1-8512-df18df38faf3,2026-04-24,9,837.5,99.81%,BOT
6ad49ec5-12cd-4ab1-8512-df18df38faf3,04/25/2026,5,835.9,99.82%,BOT
6ad49ec5-12cd-4ab1-8512-df18df38faf3,2026-04-26,4,835.4,99.54%,BOT
6ad49ec5-12cd-4ab1-8512-df18df38faf3,2026-04-27,4,834.2,99.92%,BOT
6ad49ec5-12cd-4ab1-8512-df18df38faf3,2026-04-28,5,836.5,99.75%,BOT
6ad49ec5-12cd-4ab1-8512-df18df38faf3,2026-04-29,12,837.8,99.87%,BOT
6ad49ec5-12cd-4ab1-8512-df18df38faf3,04/30/2026,0,0.0,0.00%,BOT
337c70c4-92a0-4c28-8a43-cba55939b6f3,2026-04-01,0,0.0,0.00%,BOT
337c70c4-92a0-4c28-8a43-cba55939b6f3,04/02/2026,9,900.7,99.53%,BOT
337c70c4-92a0-4c28-8a43-cba55939b6f3,04/03/2026,9,898.3,99.55%,BOT
337c70c4-92a0-4c28-8a43-cba55939b6f3,04/04/2026,8,899.0,99.93%,BOT
337c70c4-92a0-4c28-8a43-cba55939b6f3,2026-04-05,6,899.3,99.79%,BOT
337c70c4-92a0-4c28-8a43-cba55939b6f3,04/06/2026,9,899.2,99.83%,BOT
337c70c4-92a0-4c28-8a43-cba55939b6f3,2026-04-07,0,0.0,0.00%,BOT
337c70c4-92a0-4c28-8a43-cba55939b6f3,04/08/2026,5,899.2,99.69%,BOT
337c70c4-92a0-4c28-8a43-cba55939b6f3,04/09/2026,6,900.7,99.91%,BOT
337c70c4-92a0-4c28-8a43-cba55939b6f3,04/10/2026,12,898.4,99.84%,BOT
337c70c4-92a0-4c28-8a43-cba55939b6f3,2026-04-11,4,899.5,99.59%,BOT
337c70c4-92a0-4c28-8a43-cba55939b6f3,2026-04-12,11,898.8,100.00%,BOT
337c70c4-92a0-4c28-8a43-cba55939b6f3,2026-04-13,0,0.0,0.00%,BOT
337c70c4-92a0-4c28-8a43-cba55939b6f3,04/14/2026,5,900.0,99.77%,BOT
337c70c4-92a0-4c28-8a43-cba55939b6f3,04/15/2026,12,898.2,99.67%,BOT
337c70c4-92a0-4c28-8a43-cba55939b6f3,2026-04-16,6,900.4,99.58%,BOT
337c70c4-92a0-4c28-8a43-cba55939b6f3,2026-04-17,6,900.9,99.52%,BOT
337c70c4-92a0-4c28-8a43-cba55939b6f3,04/18/2026,0,0.0,0.00%,BOT
337c70c4-92a0-4c28-8a43-cba55939b6f3,04/19/2026,11,900.4,99.88%,BOT
337c70c4-92a0-4c28-8a43-cba55939b6f3,04/20/2026,7,900.1,99.65%,BOT
337c70c4-92a0-4c28-8a43-cba55939b6f3,04/21/2026,11,901.6,99.60%,BOT
337c70c4-92a0-4c28-8a43-cba55939b6f3,04/22/2026,0,0.0,0.00%,BOT
337c70c4-92a0-4c28-8a43-cba55939b6f3,2026-04-23,0,0.0,0.00%,BOT
337c70c4-92a0-4c28-8a43-cba55939b6f3,2026-04-24,8,901.1,99.75%,BOT
337c70c4-92a0-4c28-8a43-cba55939b6f3,2026-04-25,6,901.3,99.90%,BOT
337c70c4-92a0-4c28-8a43-cba55939b6f3,2026-04-26,8,898.2,99.74%,BOT
337c70c4-92a0-4c28-8a43-cba55939b6f3,2026-04-27,5,900.8,99.76%,BOT
337c70c4-92a0-4c28-8a43-cba55939b6f3,2026-04-28,0,0.0,0.00%,BOT
337c70c4-92a0-4c28-8a43-cba55939b6f3,2026-04-29,6,899.1,99.95%,BOT
337c70c4-92a0-4c28-8a43-cba55939b6f3,04/30/2026,10,898.4,99.96%,BOT
73718e82-af11-4280-b74e-c2becb88356f,2026-04-01,11,835.8,99.50%,BOT
73718e82-af11-4280-b74e-c2becb88356f,04/02/2026,8,834.9,99.57%,BOT
73718e82-af11-4280-b74e-c2becb88356f,2026-04-03,12,835.7,99.89%,BOT
73718e82-af11-4280-b74e-c2becb88356f,04/04/2026,5,834.2,99.71%,BOT
73718e82-af11-4280-b74e-c2becb88356f,2026-04-05,11,834.3,99.92%,BOT
73718e82-af11-4280-b74e-c2becb88356f,2026-04-06,12,834.1,99.76%,BOT
73718e82-af11-4280-b74e-c2becb88356f,2026-04-07,6,835.2,99.50%,BOT
73718e82-af11-4280-b74e-c2becb88356f,04/08/2026,10,834.7,99.83%,BOT
73718e82-af11-4280-b74e-c2becb88356f,2026-04-09,0,0.0,0.00%,BOT
73718e82-af11-4280-b74e-c2becb88356f,04/10/2026,0,0.0,0.00%,BOT
73718e82-af11-4280-b74e-c2becb88356f,04/11/2026,12,836.0,99.99%,BOT
73718e82-af11-4280-b74e-c2becb88356f,2026-04-12,10,837.5,99.52%,BOT
73718e82-af11-4280-b74e-c2becb88356f,04/13/2026,9,835.0,99.51%,BOT
73718e82-af11-4280-b74e-c2becb88356f,2026-04-14,9,835.0,99.83%,BOT
73718e82-af11-4280-b74e-c2becb88356f,04/15/2026,0,0.0,0.00%,BOT
73718e82-af11-4280-b74e-c2becb88356f,2026-04-16,9,834.5,99.68%,BOT
73718e82-af11-4280-b74e-c2becb88356f,04/17/2026,6,837.3,99.84%,BOT
73718e82-af11-4280-b74e-c2becb88356f,2026-04-18,11,836.5,99.91%,BOT
73718e82-af11-4280-b74e-c2becb88356f,04/19/2026,0,0.0,0.00%,BOT
73718e82-af11-4280-b74e-c2becb88356f,04/20/2026,11,834.1,99.60%,BOT
73718e82-af11-4280-b74e-c2becb88356f,2026-04-21,4,835.3,99.66%,BOT
73718e82-af11-4280-b74e-c2becb88356f,04/22/2026,12,835.9,99.52%,BOT
73718e82-af11-4280-b74e-c2becb88356f,04/23/2026,8,835.4,99.89%,BOT
73718e82-af11-4280-b74e-c2becb88356f,2026-04-24,9,835.1,99.90%,BOT
73718e82-af11-4280-b74e-c2becb88356f,2026-04-25,10,837.0,99.95%,BOT
73718e82-af11-4280-b74e-c2becb88356f,04/26/2026,6,836.0,99.75%,BOT
73718e82-af11-4280-b74e-c2becb88356f,04/27/2026,0,0.0,0.00%,BOT
73718e82-af11-4280-b74e-c2becb88356f,04/28/2026,5,836.9,99.54%,BOT
73718e82-af11-4280-b74e-c2becb88356f,2026-04-29,6,836.2,99.66%,BOT
73718e82-af11-4280-b74e-c2becb88356f,2026-04-30,8,835.2,99.80%,BOT
eb6add1f-b983-4be0-90f9-647bfc8ddfd3,04/01/2026,4,900.4,99.84%,BOT
eb6add1f-b983-4be0-90f9-647bfc8ddfd3,2026-04-02,9,899.8,99.54%,BOT
eb6add1f-b983-4be0-90f9-647bfc8ddfd3,2026-04-03,9,899.6,99.82%,BOT
eb6add1f-b983-4be0-90f9-647bfc8ddfd3,2026-04-04,0,0.0,0.00%,BOT
eb6add1f-b983-4be0-90f9-647bfc8ddfd3,04/05/2026,6,900.0,99.69%,BOT
eb6add1f-b983-4be0-90f9-647bfc8ddfd3,2026-04-06,8,901.1,99.85%,BOT
eb6add1f-b983-4be0-90f9-647bfc8ddfd3,04/07/2026,0,0.0,0.00%,BOT
eb6add1f-b983-4be0-90f9-647bfc8ddfd3,2026-04-08,11,898.8,99.57%,BOT
eb6add1f-b983-4be0-90f9-647bfc8ddfd3,2026-04-09,6,901.6,99.72%,BOT
eb6add1f-b983-4be0-90f9-647bfc8ddfd3,04/10/2026,9,900.7,99.85%,BOT
eb6add1f-b983-4be0-90f9-647bfc8ddfd3,04/11/2026,8,901.6,99.93%,BOT
eb6add1f-b983-4be0-90f9-647bfc8ddfd3,2026-04-12,6,901.2,99.75%,BOT
eb6add1f-b983-4be0-90f9-647bfc8ddfd3,2026-04-13,7,901.2,99.62%,BOT
eb6add1f-b983-4be0-90f9-647bfc8ddfd3,04/14/2026,9,900.2,99.68%,BOT
eb6add1f-b983-4be0-90f9-647bfc8ddfd3,2026-04-15,12,898.5,99.94%,BOT
eb6add1f-b983-4be0-90f9-647bfc8ddfd3,04/16/2026,10,902.0,99.86%,BOT
eb6add1f-b983-4be0-90f9-647bfc8ddfd3,04/17/2026,10,901.3,99.54%,BOT
eb6add1f-b983-4be0-90f9-647bfc8ddfd3,2026-04-18,5,899.8,99.84%,BOT
eb6add1f-b983-4be0-90f9-647bfc8ddfd3,04/19/2026,0,0.0,0.00%,BOT
eb6add1f-b983-4be0-90f9-647bfc8ddfd3,04/20/2026,12,900.6,99.59%,BOT
eb6add1f-b983-4be0-90f9-647bfc8ddfd3,04/21/2026,10,900.0,99.93%,BOT
eb6add1f-b983-4be0-90f9-647bfc8ddfd3,2026-04-22,12,898.6,99.58%,BOT
eb6add1f-b983-4be0-90f9-647bfc8ddfd3,04/23/2026,7,899.4,99.97%,BOT
eb6add1f-b983-4be0-90f9-647bfc8ddfd3,04/24/2026,5,899.0,99.82%,BOT
eb6add1f-b983-4be0-90f9-647bfc8ddfd3,2026-04-25,6,900.5,99.81%,BOT
eb6add1f-b983-4be0-90f9-647bfc8ddfd3,2026-04-26,6,900.4,99.79%,BOT
eb6add1f-b983-4be0-90f9-647bfc8ddfd3,04/27/2026,9,901.4,99.78%,BOT
eb6add1f-b983-4be0-90f9-647bfc8ddfd3,04/28/2026,4,898.3,99.97%,BOT
eb6add1f-b983-4be0-90f9-647bfc8ddfd3,2026-04-29,8,900.6,99.88%,BOT
eb6add1f-b983-4be0-90f9-647bfc8ddfd3,2026-04-30,4,900.0,99.81%,BOT
479bdbf4-3f9d-4275-a09b-c63dbe6825e1,04/01/2026,0,0.0,0.00%,BOT
479bdbf4-3f9d-4275-a09b-c63dbe6825e1,2026-04-02,5,849.3,99.73%,BOT
479bdbf4-3f9d-4275-a09b-c63dbe6825e1,04/03/2026,7,848.6,99.53%,BOT
479bdbf4-3f9d-4275-a09b-c63dbe6825e1,2026-04-04,10,849.0,99.93%,BOT
479bdbf4-3f9d-4275-a09b-c63dbe6825e1,2026-04-05,0,0.0,0.00%,BOT
479bdbf4-3f9d-4275-a09b-c63dbe6825e1,04/06/2026,9,848.8,99.58%,BOT
479bdbf4-3f9d-4275-a09b-c63dbe6825e1,2026-04-07,11,850.0,99.65%,BOT
479bdbf4-3f9d-4275-a09b-c63dbe6825e1,2026-04-08,10,850.0,99.98%,BOT
479bdbf4-3f9d-4275-a09b-c63dbe6825e1,2026-04-09,0,0.0,0.00%,BOT
479bdbf4-3f9d-4275-a09b-c63dbe6825e1,04/10/2026,4,849.1,99.80%,BOT
479bdbf4-3f9d-4275-a09b-c63dbe6825e1,2026-04-11,11,849.1,99.50%,BOT
479bdbf4-3f9d-4275-a09b-c63dbe6825e1,2026-04-12,0,0.0,0.00%,BOT
479bdbf4-3f9d-4275-a09b-c63dbe6825e1,2026-04-13,8,850.9,99.88%,BOT
479bdbf4-3f9d-4275-a09b-c63dbe6825e1,2026-04-14,10,848.2,99.78%,BOT
479bdbf4-3f9d-4275-a09b-c63dbe6825e1,04/15/2026,8,848.3,99.75%,BOT
479bdbf4-3f9d-4275-a09b-c63dbe6825e1,04/16/2026,8,851.3,99.81%,BOT
479bdbf4-3f9d-4275-a09b-c63dbe6825e1,2026-04-17,0,0.0,0.00%,BOT
479bdbf4-3f9d-4275-a09b-c63dbe6825e1,2026-04-18,5,849.6,99.90%,BOT
479bdbf4-3f9d-4275-a09b-c63dbe6825e1,04/19/2026,9,851.0,99.60%,BOT
479bdbf4-3f9d-4275-a09b-c63dbe6825e1,04/20/2026,12,848.2,99.52%,BOT
479bdbf4-3f9d-4275-a09b-c63dbe6825e1,04/21/2026,11,850.1,99.57%,BOT
479bdbf4-3f9d-4275-a09b-c63dbe6825e1,2026-04-22,6,849.3,99.81%,BOT
479bdbf4-3f9d-4275-a09b-c63dbe6825e1,04/23/2026,8,850.4,99.75%,BOT
479bdbf4-3f9d-4275-a09b-c63dbe6825e1,04/24/2026,11,850.8,99.65%,BOT
479bdbf4-3f9d-4275-a09b-c63dbe6825e1,2026-04-25,9,849.3,99.55%,BOT
479bdbf4-3f9d-4275-a09b-c63dbe6825e1,04/26/2026,8,851.2,99.86%,BOT
479bdbf4-3f9d-4275-a09b-c63dbe6825e1,04/27/2026,4,850.4,99.63%,BOT
479bdbf4-3f9d-4275-a09b-c63dbe6825e1,2026-04-28,7,850.9,99.79%,BOT
479bdbf4-3f9d-4275-a09b-c63dbe6825e1,04/29/2026,0,0.0,0.00%,BOT
479bdbf4-3f9d-4275-a09b-c63dbe6825e1,2026-04-30,10,848.6,99.84%,BOT
796a1914-3061-4475-b8d7-e50329f27978,04/01/2026,6,849.8,99.77%,BOT
796a1914-3061-4475-b8d7-e50329f27978,2026-04-02,8,850.4,99.60%,BOT
796a1914-3061-4475-b8d7-e50329f27978,04/03/2026,0,0.0,0.00%,BOT
796a1914-3061-4475-b8d7-e50329f27978,2026-04-04,0,0.0,0.00%,BOT
796a1914-3061-4475-b8d7-e50329f27978,04/05/2026,8,851.1,99.85%,BOT
796a1914-3061-4475-b8d7-e50329f27978,04/06/2026,11,849.3,99.67%,BOT
796a1914-3061-4475-b8d7-e50329f27978,04/07/2026,8,849.2,99.79%,BOT
796a1914-3061-4475-b8d7-e50329f27978,04/08/2026,10,851.3,99.98%,BOT
796a1914-3061-4475-b8d7-e50329f27978,2026-04-09,8,848.2,99.98%,BOT
796a1914-3061-4475-b8d7-e50329f27978,04/10/2026,0,0.0,0.00%,BOT
796a1914-3061-4475-b8d7-e50329f27978,04/11/2026,8,851.0,99.61%,BOT
796a1914-3061-4475-b8d7-e50329f27978,2026-04-12,0,0.0,0.00%,BOT
796a1914-3061-4475-b8d7-e50329f27978,04/13/2026,0,0.0,0.00%,BOT
796a1914-3061-4475-b8d7-e50329f27978,04/14/2026,8,848.5,99.81%,BOT
796a1914-3061-4475-b8d7-e50329f27978,2026-04-15,7,848.2,99.95%,BOT
796a1914-3061-4475-b8d7-e50329f27978,04/16/2026,7,848.2,99.71%,BOT
796a1914-3061-4475-b8d7-e50329f27978,04/17/2026,5,850.7,99.57%,BOT
796a1914-3061-4475-b8d7-e50329f27978,04/18/2026,0,0.0,0.00%,BOT
796a1914-3061-4475-b8d7-e50329f27978,04/19/2026,6,849.6,99.97%,BOT
796a1914-3061-4475-b8d7-e50329f27978,2026-04-20,0,0.0,0.00%,BOT
796a1914-3061-4475-b8d7-e50329f27978,2026-04-21,0,0.0,0.00%,BOT
796a1914-3061-4475-b8d7-e50329f27978,04/22/2026,8,849.3,99.82%,BOT
796a1914-3061-4475-b8d7-e50329f27978,04/23/2026,5,850.6,99.62%,BOT
796a1914-3061-4475-b8d7-e50329f27978,04/24/2026,4,851.7,99.59%,BOT
796a1914-3061-4475-b8d7-e50329f27978,04/25/2026,6,851.7,99.52%,BOT
796a1914-3061-4475-b8d7-e50329f27978,04/26/2026,11,848.7,99.87%,BOT
796a1914-3061-4475-b8d7-e50329f27978,04/27/2026,8,851.5,99.50%,BOT
796a1914-3061-4475-b8d7-e50329f27978,2026-04-28,5,851.7,99.67%,BOT
796a1914-3061-4475-b8d7-e50329f27978,04/29/2026,0,0.0,0.00%,BOT
796a1914-3061-4475-b8d7-e50329f27978,04/30/2026,12,850.0,99.97%,BOT
3498da07-303f-47e1-95d5-d46ab6885c52,2026-04-01,11,835.3,99.62%,BOT
3498da07-303f-47e1-95d5-d46ab6885c52,2026-04-02,7,835.8,99.63%,BOT
3498da07-303f-47e1-95d5-d46ab6885c52,2026-04-03,4,835.0,99.68%,BOT
3498da07-303f-47e1-95d5-d46ab6885c52,04/04/2026,5,835.9,99.58%,BOT
3498da07-303f-47e1-95d5-d46ab6885c52,04/05/2026,0,0.0,0.00%,BOT
3498da07-303f-47e1-95d5-d46ab6885c52,04/06/2026,8,836.8,99.82%,BOT
3498da07-303f-47e1-95d5-d46ab6885c52,2026-04-07,9,836.5,99.61%,BOT
3498da07-303f-47e1-95d5-d46ab6885c52,2026-04-08,6,835.8,99.99%,BOT
3498da07-303f-47e1-95d5-d46ab6885c52,04/09/2026,12,837.7,99.88%,BOT
3498da07-303f-47e1-95d5-d46ab6885c52,04/10/2026,7,837.0,99.84%,BOT
3498da07-303f-47e1-95d5-d46ab6885c52,2026-04-11,5,836.1,99.76%,BOT
3498da07-303f-47e1-95d5-d46ab6885c52,04/12/2026,5,834.2,99.77%,BOT
3498da07-303f-47e1-95d5-d46ab6885c52,04/13/2026,0,0.0,0.00%,BOT
3498da07-303f-47e1-95d5-d46ab6885c52,2026-04-14,6,834.7,99.93%,BOT
3498da07-303f-47e1-95d5-d46ab6885c52,04/15/2026,7,836.9,99.74%,BOT
3498da07-303f-47e1-95d5-d46ab6885c52,04/16/2026,11,837.2,99.73%,BOT
3498da07-303f-47e1-95d5-d46ab6885c52,04/17/2026,11,836.3,99.78%,BOT
3498da07-303f-47e1-95d5-d46ab6885c52,04/18/2026,8,836.9,99.70%,BOT
3498da07-303f-47e1-95d5-d46ab6885c52,2026-04-19,7,836.3,99.52%,BOT
3498da07-303f-47e1-95d5-d46ab6885c52,04/20/2026,5,836.2,99.53%,BOT
3498da07-303f-47e1-95d5-d46ab6885c52,04/21/2026,11,834.1,99.70%,BOT
3498da07-303f-47e1-95d5-d46ab6885c52,2026-04-22,10,835.5,99.95%,BOT
3498da07-303f-47e1-95d5-d46ab6885c52,04/23/2026,0,0.0,0.00%,BOT
3498da07-303f-47e1-95d5-d46ab6885c52,04/24/2026,10,835.5,99.84%,BOT
3498da07-303f-47e1-95d5-d46ab6885c52,2026-04-25,12,834.5,99.93%,BOT
3498da07-303f-47e1-95d5-d46ab6885c52,04/26/2026,12,835.6,99.56%,BOT
3498da07-303f-47e1-95d5-d46ab6885c52,2026-04-27,4,837.0,99.99%,BOT
3498da07-303f-47e1-95d5-d46ab6885c52,2026-04-28,12,835.7,99.69%,BOT
3498da07-303f-47e1-95d5-d46ab6885c52,04/29/2026,11,835.4,99.64%,BOT
3498da07-303f-47e1-95d5-d46ab6885c52,04/30/2026,5,834.1,99.83%,BOT
04d35cd7-d27e-457c-8bf5-63cccdb046f7,2026-04-01,7,851.3,99.87%,BOT
04d35cd7-d27e-457c-8bf5-63cccdb046f7,04/02/2026,9,848.9,99.94%,BOT
04d35cd7-d27e-457c-8bf5-63cccdb046f7,2026-04-03,12,848.9,99.65%,BOT
04d35cd7-d27e-457c-8bf5-63cccdb046f7,2026-04-04,6,850.5,99.71%,BOT
04d35cd7-d27e-457c-8bf5-63cccdb046f7,04/05/2026,0,0.0,0.00%,BOT
04d35cd7-d27e-457c-8bf5-63cccdb046f7,04/06/2026,0,0.0,0.00%,BOT
04d35cd7-d27e-457c-8bf5-63cccdb046f7,2026-04-07,10,851.1,99.66%,BOT
04d35cd7-d27e-457c-8bf5-63cccdb046f7,04/08/2026,6,849.2,99.59%,BOT
04d35cd7-d27e-457c-8bf5-63cccdb046f7,04/09/2026,7,851.4,99.65%,BOT
04d35cd7-d27e-457c-8bf5-63cccdb046f7,04/10/2026,0,0.0,0.00%,BOT
04d35cd7-d27e-457c-8bf5-63cccdb046f7,04/11/2026,0,0.0,0.00%,BOT
04d35cd7-d27e-457c-8bf5-63cccdb046f7,04/12/2026,0,0.0,0.00%,BOT
04d35cd7-d27e-457c-8bf5-63cccdb046f7,2026-04-13,10,850.2,99.57%,BOT
04d35cd7-d27e-457c-8bf5-63cccdb046f7,2026-04-14,0,0.0,0.00%,BOT
04d35cd7-d27e-457c-8bf5-63cccdb046f7,2026-04-15,5,851.7,99.92%,BOT
04d35cd7-d27e-457c-8bf5-63cccdb046f7,04/16/2026,0,0.0,0.00%,BOT
04d35cd7-d27e-457c-8bf5-63cccdb046f7,2026-04-17,0,0.0,0.00%,BOT
04d35cd7-d27e-457c-8bf5-63cccdb046f7,2026-04-18,8,849.5,99.80%,BOT
04d35cd7-d27e-457c-8bf5-63cccdb046f7,2026-04-19,0,0.0,0.00%,BOT
04d35cd7-d27e-457c-8bf5-63cccdb046f7,04/20/2026,12,848.9,99.60%,BOT
04d35cd7-d27e-457c-8bf5-63cccdb046f7,04/21/2026,8,851.8,99.51%,BOT
04d35cd7-d27e-457c-8bf5-63cccdb046f7,04/22/2026,5,851.0,99.88%,BOT
04d35cd7-d27e-457c-8bf5-63cccdb046f7,2026-04-23,7,849.6,99.62%,BOT
04d35cd7-d27e-457c-8bf5-63cccdb046f7,2026-04-24,8,849.5,99.77%,BOT
04d35cd7-d27e-457c-8bf5-63cccdb046f7,2026-04-25,8,849.4,99.94%,BOT
04d35cd7-d27e-457c-8bf5-63cccdb046f7,2026-04-26,11,851.0,99.66%,BOT
04d35cd7-d27e-457c-8bf5-63cccdb046f7,2026-04-27,9,849.7,99.78%,BOT
04d35cd7-d27e-457c-8bf5-63cccdb046f7,04/28/2026,6,848.1,99.78%,BOT
04d35cd7-d27e-457c-8bf5-63cccdb046f7,04/29/2026,0,0.0,0.00%,BOT
04d35cd7-d27e-457c-8bf5-63cccdb046f7,2026-04-30,8,848.6,99.66%,BOT
a4ec2cd5-b946-42fb-99d2-25ab894b2520,2026-04-01,10,818.5,99.82%,BOT
a4ec2cd5-b946-42fb-99d2-25ab894b2520,2026-04-02,6,818.0,99.75%,BOT
a4ec2cd5-b946-42fb-99d2-25ab894b2520,04/03/2026,11,820.6,99.51%,BOT
a4ec2cd5-b946-42fb-99d2-25ab894b2520,2026-04-04,0,0.0,0.00%,BOT
a4ec2cd5-b946-42fb-99d2-25ab894b2520,04/05/2026,4,820.1,99.64%,BOT
a4ec2cd5-b946-42fb-99d2-25ab894b2520,2026-04-06,4,820.0,99.85%,BOT
a4ec2cd5-b946-42fb-99d2-25ab894b2520,04/07/2026,0,0.0,0.00%,BOT
a4ec2cd5-b946-42fb-99d2-25ab894b2520,2026-04-08,0,0.0,0.00%,BOT
a4ec2cd5-b946-42fb-99d2-25ab894b2520,04/09/2026,5,820.1,99.62%,BOT
a4ec2cd5-b946-42fb-99d2-25ab894b2520,2026-04-10,8,821.3,99.63%,BOT
a4ec2cd5-b946-42fb-99d2-25ab894b2520,2026-04-11,9,821.8,99.73%,BOT
a4ec2cd5-b946-42fb-99d2-25ab894b2520,2026-04-12,7,819.2,99.91%,BOT
a4ec2cd5-b946-42fb-99d2-25ab894b2520,04/13/2026,0,0.0,0.00%,BOT
a4ec2cd5-b946-42fb-99d2-25ab894b2520,04/14/2026,4,818.4,99.69%,BOT
a4ec2cd5-b946-42fb-99d2-25ab894b2520,2026-04-15,4,820.5,99.85%,BOT
a4ec2cd5-b946-42fb-99d2-25ab894b2520,04/16/2026,10,820.6,99.67%,BOT
a4ec2cd5-b946-42fb-99d2-25ab894b2520,04/17/2026,0,0.0,0.00%,BOT
a4ec2cd5-b946-42fb-99d2-25ab894b2520,04/18/2026,12,821.7,99.61%,BOT
a4ec2cd5-b946-42fb-99d2-25ab894b2520,04/19/2026,11,819.1,99.96%,BOT
a4ec2cd5-b946-42fb-99d2-25ab894b2520,2026-04-20,8,821.6,99.78%,BOT
a4ec2cd5-b946-42fb-99d2-25ab894b2520,2026-04-21,9,818.1,99.60%,BOT
a4ec2cd5-b946-42fb-99d2-25ab894b2520,04/22/2026,10,821.7,99.65%,BOT
a4ec2cd5-b946-42fb-99d2-25ab894b2520,04/23/2026,0,0.0,0.00%,BOT
a4ec2cd5-b946-42fb-99d2-25ab894b2520,2026-04-24,10,820.7,99.77%,BOT
a4ec2cd5-b946-42fb-99d2-25ab894b2520,2026-04-25,6,821.2,99.84%,BOT
a4ec2cd5-b946-42fb-99d2-25ab894b2520,04/26/2026,9,818.2,99.72%,BOT
a4ec2cd5-b946-42fb-99d2-25ab894b2520,04/27/2026,9,820.4,99.81%,BOT
a4ec2cd5-b946-42fb-99d2-25ab894b2520,04/28/2026,9,818.1,99.64%,BOT
a4ec2cd5-b946-42fb-99d2-25ab894b2520,2026-04-29,0,0.0,0.00%,BOT
a4ec2cd5-b946-42fb-99d2-25ab894b2520,2026-04-30,9,820.2,99.69%,BOT
7995153e-e71b-4f49-8aff-de769929cb08,2026-04-01,10,835.8,99.78%,BOT
7995153e-e71b-4f49-8aff-de769929cb08,04/02/2026,4,834.4,99.78%,BOT
7995153e-e71b-4f49-8aff-de769929cb08,2026-04-03,9,837.5,99.51%,BOT
7995153e-e71b-4f49-8aff-de769929cb08,04/04/2026,0,0.0,0.00%,BOT
7995153e-e71b-4f49-8aff-de769929cb08,04/05/2026,12,837.6,99.99%,BOT
7995153e-e71b-4f49-8aff-de769929cb08,2026-04-06,6,836.7,99.58%,BOT
7995153e-e71b-4f49-8aff-de769929cb08,2026-04-07,8,836.0,99.53%,BOT
7995153e-e71b-4f49-8aff-de769929cb08,2026-04-08,10,835.2,99.89%,BOT
7995153e-e71b-4f49-8aff-de769929cb08,04/09/2026,7,836.9,99.75%,BOT
7995153e-e71b-4f49-8aff-de769929cb08,04/10/2026,11,834.4,99.65%,BOT
7995153e-e71b-4f49-8aff-de769929cb08,04/11/2026,9,837.4,99.69%,BOT
7995153e-e71b-4f49-8aff-de769929cb08,04/12/2026,11,835.3,99.91%,BOT
7995153e-e71b-4f49-8aff-de769929cb08,04/13/2026,6,835.2,99.80%,BOT
7995153e-e71b-4f49-8aff-de769929cb08,04/14/2026,11,835.3,99.98%,BOT
7995153e-e71b-4f49-8aff-de769929cb08,04/15/2026,8,836.9,99.82%,BOT
7995153e-e71b-4f49-8aff-de769929cb08,04/16/2026,7,835.3,99.64%,BOT
7995153e-e71b-4f49-8aff-de769929cb08,04/17/2026,9,834.5,99.78%,BOT
7995153e-e71b-4f49-8aff-de769929cb08,2026-04-18,12,834.7,99.88%,BOT
7995153e-e71b-4f49-8aff-de769929cb08,04/19/2026,11,837.8,99.60%,BOT
7995153e-e71b-4f49-8aff-de769929cb08,2026-04-20,5,837.3,99.90%,BOT
7995153e-e71b-4f49-8aff-de769929cb08,2026-04-21,0,0.0,0.00%,BOT
7995153e-e71b-4f49-8aff-de769929cb08,04/22/2026,0,0.0,0.00%,BOT
7995153e-e71b-4f49-8aff-de769929cb08,2026-04-23,7,835.0,99.58%,BOT
7995153e-e71b-4f49-8aff-de769929cb08,2026-04-24,10,834.3,100.00%,BOT
7995153e-e71b-4f49-8aff-de769929cb08,04/25/2026,10,836.1,99.96%,BOT
7995153e-e71b-4f49-8aff-de769929cb08,2026-04-26,10,836.2,99.90%,BOT
7995153e-e71b-4f49-8aff-de769929cb08,04/27/2026,0,0.0,0.00%,BOT
7995153e-e71b-4f49-8aff-de769929cb08,2026-04-28,12,836.4,99.96%,BOT
7995153e-e71b-4f49-8aff-de769929cb08,04/29/2026,7,836.6,99.68%,BOT
7995153e-e71b-4f49-8aff-de769929cb08,04/30/2026,4,836.3,99.82%,BOT
9d2c01fc-1807-425a-894d-f66f2b58b7c5,04/01/2026,4,645.8,66.43%,Non-BOT
9d2c01fc-1807-425a-894d-f66f2b58b7c5,04/02/2026,0,0.0,0.00%,Non-BOT
9d2c01fc-1807-425a-894d-f66f2b58b7c5,04/03/2026,0,0.0,0.00%,Non-BOT
9d2c01fc-1807-425a-894d-f66f2b58b7c5,2026-04-04,6,1197.7,70.28%,Non-BOT
9d2c01fc-1807-425a-894d-f66f2b58b7c5,04/05/2026,0,0.0,0.00%,Non-BOT
9d2c01fc-1807-425a-894d-f66f2b58b7c5,2026-04-06,0,0.0,0.00%,Non-BOT
9d2c01fc-1807-425a-894d-f66f2b58b7c5,04/07/2026,0,0.0,0.00%,Non-BOT
9d2c01fc-1807-425a-894d-f66f2b58b7c5,04/08/2026,3,548.3,64.41%,Non-BOT
9d2c01fc-1807-425a-894d-f66f2b58b7c5,04/09/2026,8,548.3,54.10%,Non-BOT
9d2c01fc-1807-425a-894d-f66f2b58b7c5,2026-04-10,0,0.0,0.00%,Non-BOT
9d2c01fc-1807-425a-894d-f66f2b58b7c5,2026-04-11,0,0.0,0.00%,Non-BOT
9d2c01fc-1807-425a-894d-f66f2b58b7c5,2026-04-12,0,0.0,0.00%,Non-BOT
9d2c01fc-1807-425a-894d-f66f2b58b7c5,04/13/2026,0,0.0,0.00%,Non-BOT
9d2c01fc-1807-425a-894d-f66f2b58b7c5,04/14/2026,1,1049.2,77.21%,Non-BOT
9d2c01fc-1807-425a-894d-f66f2b58b7c5,2026-04-15,0,0.0,0.00%,Non-BOT
9d2c01fc-1807-425a-894d-f66f2b58b7c5,04/16/2026,0,0.0,0.00%,Non-BOT
9d2c01fc-1807-425a-894d-f66f2b58b7c5,2026-04-17,4,716.0,73.18%,Non-BOT
9d2c01fc-1807-425a-894d-f66f2b58b7c5,2026-04-18,7,1158.5,59.74%,Non-BOT
9d2c01fc-1807-425a-894d-f66f2b58b7c5,2026-04-19,0,0.0,0.00%,Non-BOT
9d2c01fc-1807-425a-894d-f66f2b58b7c5,04/20/2026,0,0.0,0.00%,Non-BOT
9d2c01fc-1807-425a-894d-f66f2b58b7c5,2026-04-21,0,0.0,0.00%,Non-BOT
9d2c01fc-1807-425a-894d-f66f2b58b7c5,2026-04-22,0,0.0,0.00%,Non-BOT
9d2c01fc-1807-425a-894d-f66f2b58b7c5,2026-04-23,4,649.6,68.04%,Non-BOT
9d2c01fc-1807-425a-894d-f66f2b58b7c5,2026-04-24,0,0.0,0.00%,Non-BOT
9d2c01fc-1807-425a-894d-f66f2b58b7c5,2026-04-25,0,0.0,0.00%,Non-BOT
9d2c01fc-1807-425a-894d-f66f2b58b7c5,04/26/2026,2,777.3,83.58%,Non-BOT
9d2c01fc-1807-425a-894d-f66f2b58b7c5,2026-04-27,0,0.0,0.00%,Non-BOT
9d2c01fc-1807-425a-894d-f66f2b58b7c5,04/28/2026,4,657.6,61.02%,Non-BOT
9d2c01fc-1807-425a-894d-f66f2b58b7c5,04/29/2026,0,0.0,0.00%,Non-BOT
9d2c01fc-1807-425a-894d-f66f2b58b7c5,04/30/2026,0,0.0,0.00%,Non-BOT
f1e8a937-58e8-48ac-b2ae-b924eff1058d,2026-04-01,0,0.0,0.00%,Non-BOT
f1e8a937-58e8-48ac-b2ae-b924eff1058d,2026-04-02,0,0.0,0.00%,Non-BOT
f1e8a937-58e8-48ac-b2ae-b924eff1058d,04/03/2026,2,383.0,79.12%,Non-BOT
f1e8a937-58e8-48ac-b2ae-b924eff1058d,2026-04-04,7,796.4,74.14%,Non-BOT
f1e8a937-58e8-48ac-b2ae-b924eff1058d,04/05/2026,8,835.5,79.12%,Non-BOT
f1e8a937-58e8-48ac-b2ae-b924eff1058d,2026-04-06,3,754.9,70.56%,Non-BOT
f1e8a937-58e8-48ac-b2ae-b924eff1058d,2026-04-07,0,0.0,0.00%,Non-BOT
f1e8a937-58e8-48ac-b2ae-b924eff1058d,2026-04-08,0,0.0,0.00%,Non-BOT
f1e8a937-58e8-48ac-b2ae-b924eff1058d,2026-04-09,0,0.0,0.00%,Non-BOT
f1e8a937-58e8-48ac-b2ae-b924eff1058d,2026-04-10,6,1151.8,70.35%,Non-BOT
f1e8a937-58e8-48ac-b2ae-b924eff1058d,2026-04-11,0,0.0,0.00%,Non-BOT
f1e8a937-58e8-48ac-b2ae-b924eff1058d,04/12/2026,8,609.1,70.65%,Non-BOT
f1e8a937-58e8-48ac-b2ae-b924eff1058d,2026-04-13,8,688.7,53.47%,Non-BOT
f1e8a937-58e8-48ac-b2ae-b924eff1058d,04/14/2026,0,0.0,0.00%,Non-BOT
f1e8a937-58e8-48ac-b2ae-b924eff1058d,2026-04-15,5,232.7,59.44%,Non-BOT
f1e8a937-58e8-48ac-b2ae-b924eff1058d,04/16/2026,0,0.0,0.00%,Non-BOT
f1e8a937-58e8-48ac-b2ae-b924eff1058d,04/17/2026,0,0.0,0.00%,Non-BOT
f1e8a937-58e8-48ac-b2ae-b924eff1058d,04/18/2026,0,0.0,0.00%,Non-BOT
f1e8a937-58e8-48ac-b2ae-b924eff1058d,2026-04-19,8,749.7,54.75%,Non-BOT
f1e8a937-58e8-48ac-b2ae-b924eff1058d,04/20/2026,6,742.0,81.79%,Non-BOT
f1e8a937-58e8-48ac-b2ae-b924eff1058d,2026-04-21,0,0.0,0.00%,Non-BOT
f1e8a937-58e8-48ac-b2ae-b924eff1058d,2026-04-22,0,0.0,0.00%,Non-BOT
f1e8a937-58e8-48ac-b2ae-b924eff1058d,2026-04-23,0,0.0,0.00%,Non-BOT
f1e8a937-58e8-48ac-b2ae-b924eff1058d,04/24/2026,0,0.0,0.00%,Non-BOT
f1e8a937-58e8-48ac-b2ae-b924eff1058d,2026-04-25,4,497.7,91.97%,Non-BOT
f1e8a937-58e8-48ac-b2ae-b924eff1058d,2026-04-26,0,0.0,0.00%,Non-BOT
f1e8a937-58e8-48ac-b2ae-b924eff1058d,04/27/2026,2,639.1,91.75%,Non-BOT
f1e8a937-58e8-48ac-b2ae-b924eff1058d,2026-04-28,0,0.0,0.00%,Non-BOT
f1e8a937-58e8-48ac-b2ae-b924eff1058d,2026-04-29,6,1061.0,75.63%,Non-BOT
f1e8a937-58e8-48ac-b2ae-b924eff1058d,04/30/2026,3,984.8,84.17%,Non-BOT
cb2e2762-46c5-4f75-959e-90dc08277222,2026-04-01,0,0.0,0.00%,Non-BOT
cb2e2762-46c5-4f75-959e-90dc08277222,04/02/2026,0,0.0,0.00%,Non-BOT
cb2e2762-46c5-4f75-959e-90dc08277222,2026-04-03,0,0.0,0.00%,Non-BOT
cb2e2762-46c5-4f75-959e-90dc08277222,2026-04-04,1,1192.5,86.42%,Non-BOT
cb2e2762-46c5-4f75-959e-90dc08277222,04/05/2026,0,0.0,0.00%,Non-BOT
cb2e2762-46c5-4f75-959e-90dc08277222,2026-04-06,4,346.2,63.53%,Non-BOT
cb2e2762-46c5-4f75-959e-90dc08277222,04/07/2026,0,0.0,0.00%,Non-BOT
cb2e2762-46c5-4f75-959e-90dc08277222,2026-04-08,0,0.0,0.00%,Non-BOT
cb2e2762-46c5-4f75-959e-90dc08277222,2026-04-09,3,777.4,61.29%,Non-BOT
cb2e2762-46c5-4f75-959e-90dc08277222,04/10/2026,8,275.5,83.37%,Non-BOT
cb2e2762-46c5-4f75-959e-90dc08277222,04/11/2026,7,715.6,61.69%,Non-BOT
cb2e2762-46c5-4f75-959e-90dc08277222,04/12/2026,6,654.7,70.50%,Non-BOT
cb2e2762-46c5-4f75-959e-90dc08277222,04/13/2026,0,0.0,0.00%,Non-BOT
cb2e2762-46c5-4f75-959e-90dc08277222,04/14/2026,0,0.0,0.00%,Non-BOT
cb2e2762-46c5-4f75-959e-90dc08277222,2026-04-15,0,0.0,0.00%,Non-BOT
cb2e2762-46c5-4f75-959e-90dc08277222,04/16/2026,0,0.0,0.00%,Non-BOT
cb2e2762-46c5-4f75-959e-90dc08277222,2026-04-17,6,1050.1,83.42%,Non-BOT
cb2e2762-46c5-4f75-959e-90dc08277222,2026-04-18,7,1024.8,70.78%,Non-BOT
cb2e2762-46c5-4f75-959e-90dc08277222,04/19/2026,5,537.8,74.27%,Non-BOT
cb2e2762-46c5-4f75-959e-90dc08277222,04/20/2026,8,988.3,87.55%,Non-BOT
cb2e2762-46c5-4f75-959e-90dc08277222,2026-04-21,0,0.0,0.00%,Non-BOT
cb2e2762-46c5-4f75-959e-90dc08277222,2026-04-22,8,216.3,89.04%,Non-BOT
cb2e2762-46c5-4f75-959e-90dc08277222,2026-04-23,8,200.7,90.24%,Non-BOT
cb2e2762-46c5-4f75-959e-90dc08277222,04/24/2026,0,0.0,0.00%,Non-BOT
cb2e2762-46c5-4f75-959e-90dc08277222,2026-04-25,0,0.0,0.00%,Non-BOT
cb2e2762-46c5-4f75-959e-90dc08277222,04/26/2026,0,0.0,0.00%,Non-BOT
cb2e2762-46c5-4f75-959e-90dc08277222,2026-04-27,0,0.0,0.00%,Non-BOT
cb2e2762-46c5-4f75-959e-90dc08277222,2026-04-28,5,293.3,65.14%,Non-BOT
cb2e2762-46c5-4f75-959e-90dc08277222,04/29/2026,3,251.8,76.28%,Non-BOT
cb2e2762-46c5-4f75-959e-90dc08277222,04/30/2026,0,0.0,0.00%,Non-BOT
d7ea109a-df64-48b9-b560-623404e8de52,04/01/2026,8,209.3,79.22%,Non-BOT
d7ea109a-df64-48b9-b560-623404e8de52,04/02/2026,0,0.0,0.00%,Non-BOT
d7ea109a-df64-48b9-b560-623404e8de52,2026-04-03,7,894.0,70.06%,Non-BOT
d7ea109a-df64-48b9-b560-623404e8de52,2026-04-04,2,930.8,54.30%,Non-BOT
d7ea109a-df64-48b9-b560-623404e8de52,04/05/2026,5,337.1,82.49%,Non-BOT
d7ea109a-df64-48b9-b560-623404e8de52,2026-04-06,0,0.0,0.00%,Non-BOT
d7ea109a-df64-48b9-b560-623404e8de52,04/07/2026,3,268.4,73.66%,Non-BOT
d7ea109a-df64-48b9-b560-623404e8de52,04/08/2026,3,640.1,80.34%,Non-BOT
d7ea109a-df64-48b9-b560-623404e8de52,2026-04-09,0,0.0,0.00%,Non-BOT
d7ea109a-df64-48b9-b560-623404e8de52,2026-04-10,0,0.0,0.00%,Non-BOT
d7ea109a-df64-48b9-b560-623404e8de52,04/11/2026,0,0.0,0.00%,Non-BOT
d7ea109a-df64-48b9-b560-623404e8de52,04/12/2026,0,0.0,0.00%,Non-BOT
d7ea109a-df64-48b9-b560-623404e8de52,2026-04-13,0,0.0,0.00%,Non-BOT
d7ea109a-df64-48b9-b560-623404e8de52,2026-04-14,0,0.0,0.00%,Non-BOT
d7ea109a-df64-48b9-b560-623404e8de52,04/15/2026,0,0.0,0.00%,Non-BOT
d7ea109a-df64-48b9-b560-623404e8de52,04/16/2026,7,551.5,68.03%,Non-BOT
d7ea109a-df64-48b9-b560-623404e8de52,2026-04-17,0,0.0,0.00%,Non-BOT
d7ea109a-df64-48b9-b560-623404e8de52,04/18/2026,0,0.0,0.00%,Non-BOT
d7ea109a-df64-48b9-b560-623404e8de52,04/19/2026,4,753.4,75.20%,Non-BOT
d7ea109a-df64-48b9-b560-623404e8de52,04/20/2026,0,0.0,0.00%,Non-BOT
d7ea109a-df64-48b9-b560-623404e8de52,2026-04-21,1,1047.9,77.65%,Non-BOT
d7ea109a-df64-48b9-b560-623404e8de52,04/22/2026,0,0.0,0.00%,Non-BOT
d7ea109a-df64-48b9-b560-623404e8de52,2026-04-23,4,947.8,62.41%,Non-BOT
d7ea109a-df64-48b9-b560-623404e8de52,04/24/2026,0,0.0,0.00%,Non-BOT
d7ea109a-df64-48b9-b560-623404e8de52,04/25/2026,0,0.0,0.00%,Non-BOT
d7ea109a-df64-48b9-b560-623404e8de52,2026-04-26,0,0.0,0.00%,Non-BOT
d7ea109a-df64-48b9-b560-623404e8de52,2026-04-27,0,0.0,0.00%,Non-BOT
d7ea109a-df64-48b9-b560-623404e8de52,2026-04-28,0,0.0,0.00%,Non-BOT
d7ea109a-df64-48b9-b560-623404e8de52,04/29/2026,2,728.3,91.06%,Non-BOT
d7ea109a-df64-48b9-b560-623404e8de52,04/30/2026,0,0.0,0.00%,Non-BOT
5b31c7aa-0d8f-43f5-b396-f04bae2152a0,04/01/2026,0,0.0,0.00%,Non-BOT
5b31c7aa-0d8f-43f5-b396-f04bae2152a0,04/02/2026,0,0.0,0.00%,Non-BOT
5b31c7aa-0d8f-43f5-b396-f04bae2152a0,04/03/2026,0,0.0,0.00%,Non-BOT
5b31c7aa-0d8f-43f5-b396-f04bae2152a0,04/04/2026,0,0.0,0.00%,Non-BOT
5b31c7aa-0d8f-43f5-b396-f04bae2152a0,2026-04-05,0,0.0,0.00%,Non-BOT
5b31c7aa-0d8f-43f5-b396-f04bae2152a0,2026-04-06,0,0.0,0.00%,Non-BOT
5b31c7aa-0d8f-43f5-b396-f04bae2152a0,2026-04-07,0,0.0,0.00%,Non-BOT
5b31c7aa-0d8f-43f5-b396-f04bae2152a0,2026-04-08,0,0.0,0.00%,Non-BOT
5b31c7aa-0d8f-43f5-b396-f04bae2152a0,2026-04-09,0,0.0,0.00%,Non-BOT
5b31c7aa-0d8f-43f5-b396-f04bae2152a0,04/10/2026,0,0.0,0.00%,Non-BOT
5b31c7aa-0d8f-43f5-b396-f04bae2152a0,04/11/2026,0,0.0,0.00%,Non-BOT
5b31c7aa-0d8f-43f5-b396-f04bae2152a0,04/12/2026,7,623.6,66.90%,Non-BOT
5b31c7aa-0d8f-43f5-b396-f04bae2152a0,04/13/2026,3,477.5,63.02%,Non-BOT
5b31c7aa-0d8f-43f5-b396-f04bae2152a0,2026-04-14,4,1174.3,56.53%,Non-BOT
5b31c7aa-0d8f-43f5-b396-f04bae2152a0,04/15/2026,0,0.0,0.00%,Non-BOT
5b31c7aa-0d8f-43f5-b396-f04bae2152a0,04/16/2026,0,0.0,0.00%,Non-BOT
5b31c7aa-0d8f-43f5-b396-f04bae2152a0,04/17/2026,0,0.0,0.00%,Non-BOT
5b31c7aa-0d8f-43f5-b396-f04bae2152a0,04/18/2026,2,510.2,68.37%,Non-BOT
5b31c7aa-0d8f-43f5-b396-f04bae2152a0,2026-04-19,4,257.9,53.62%,Non-BOT
5b31c7aa-0d8f-43f5-b396-f04bae2152a0,2026-04-20,0,0.0,0.00%,Non-BOT
5b31c7aa-0d8f-43f5-b396-f04bae2152a0,04/21/2026,0,0.0,0.00%,Non-BOT
5b31c7aa-0d8f-43f5-b396-f04bae2152a0,2026-04-22,0,0.0,0.00%,Non-BOT
5b31c7aa-0d8f-43f5-b396-f04bae2152a0,04/23/2026,0,0.0,0.00%,Non-BOT
5b31c7aa-0d8f-43f5-b396-f04bae2152a0,04/24/2026,0,0.0,0.00%,Non-BOT
5b31c7aa-0d8f-43f5-b396-f04bae2152a0,2026-04-25,0,0.0,0.00%,Non-BOT
5b31c7aa-0d8f-43f5-b396-f04bae2152a0,04/26/2026,0,0.0,0.00%,Non-BOT
5b31c7aa-0d8f-43f5-b396-f04bae2152a0,04/27/2026,1,363.8,90.03%,Non-BOT
5b31c7aa-0d8f-43f5-b396-f04bae2152a0,04/28/2026,5,367.0,55.33%,Non-BOT
5b31c7aa-0d8f-43f5-b396-f04bae2152a0,2026-04-29,0,0.0,0.00%,Non-BOT
5b31c7aa-0d8f-43f5-b396-f04bae2152a0,04/30/2026,0,0.0,0.00%,Non-BOT
e3041128-592d-4c8b-b7e1-8e34cbbdf122,2026-04-01,0,0.0,0.00%,Non-BOT
e3041128-592d-4c8b-b7e1-8e34cbbdf122,04/02/2026,0,0.0,0.00%,Non-BOT
e3041128-592d-4c8b-b7e1-8e34cbbdf122,04/03/2026,0,0.0,0.00%,Non-BOT
e3041128-592d-4c8b-b7e1-8e34cbbdf122,2026-04-04,0,0.0,0.00%,Non-BOT
e3041128-592d-4c8b-b7e1-8e34cbbdf122,2026-04-05,0,0.0,0.00%,Non-BOT
e3041128-592d-4c8b-b7e1-8e34cbbdf122,2026-04-06,0,0.0,0.00%,Non-BOT
e3041128-592d-4c8b-b7e1-8e34cbbdf122,2026-04-07,0,0.0,0.00%,Non-BOT
e3041128-592d-4c8b-b7e1-8e34cbbdf122,04/08/2026,0,0.0,0.00%,Non-BOT
e3041128-592d-4c8b-b7e1-8e34cbbdf122,04/09/2026,6,357.3,82.48%,Non-BOT
e3041128-592d-4c8b-b7e1-8e34cbbdf122,04/10/2026,0,0.0,0.00%,Non-BOT
e3041128-592d-4c8b-b7e1-8e34cbbdf122,2026-04-11,2,428.4,71.37%,Non-BOT
e3041128-592d-4c8b-b7e1-8e34cbbdf122,04/12/2026,0,0.0,0.00%,Non-BOT
e3041128-592d-4c8b-b7e1-8e34cbbdf122,2026-04-13,0,0.0,0.00%,Non-BOT
e3041128-592d-4c8b-b7e1-8e34cbbdf122,2026-04-14,8,564.0,88.65%,Non-BOT
e3041128-592d-4c8b-b7e1-8e34cbbdf122,04/15/2026,0,0.0,0.00%,Non-BOT
e3041128-592d-4c8b-b7e1-8e34cbbdf122,2026-04-16,0,0.0,0.00%,Non-BOT
e3041128-592d-4c8b-b7e1-8e34cbbdf122,04/17/2026,7,424.5,60.43%,Non-BOT
e3041128-592d-4c8b-b7e1-8e34cbbdf122,2026-04-18,0,0.0,0.00%,Non-BOT
e3041128-592d-4c8b-b7e1-8e34cbbdf122,04/19/2026,0,0.0,0.00%,Non-BOT
e3041128-592d-4c8b-b7e1-8e34cbbdf122,04/20/2026,0,0.0,0.00%,Non-BOT
e3041128-592d-4c8b-b7e1-8e34cbbdf122,2026-04-21,0,0.0,0.00%,Non-BOT
e3041128-592d-4c8b-b7e1-8e34cbbdf122,04/22/2026,0,0.0,0.00%,Non-BOT
e3041128-592d-4c8b-b7e1-8e34cbbdf122,2026-04-23,0,0.0,0.00%,Non-BOT
e3041128-592d-4c8b-b7e1-8e34cbbdf122,2026-04-24,0,0.0,0.00%,Non-BOT
e3041128-592d-4c8b-b7e1-8e34cbbdf122,04/25/2026,0,0.0,0.00%,Non-BOT
e3041128-592d-4c8b-b7e1-8e34cbbdf122,2026-04-26,1,1154.1,52.89%,Non-BOT
e3041128-592d-4c8b-b7e1-8e34cbbdf122,2026-04-27,0,0.0,0.00%,Non-BOT
e3041128-592d-4c8b-b7e1-8e34cbbdf122,04/28/2026,0,0.0,0.00%,Non-BOT
e3041128-592d-4c8b-b7e1-8e34cbbdf122,2026-04-29,0,0.0,0.00%,Non-BOT
e3041128-592d-4c8b-b7e1-8e34cbbdf122,04/30/2026,0,0.0,0.00%,Non-BOT
9c92ea02-9d15-4695-8de9-e9780bdd5fe2,2026-04-01,0,0.0,0.00%,Non-BOT
9c92ea02-9d15-4695-8de9-e9780bdd5fe2,04/02/2026,0,0.0,0.00%,Non-BOT
9c92ea02-9d15-4695-8de9-e9780bdd5fe2,2026-04-03,0,0.0,0.00%,Non-BOT
9c92ea02-9d15-4695-8de9-e9780bdd5fe2,04/04/2026,0,0.0,0.00%,Non-BOT
9c92ea02-9d15-4695-8de9-e9780bdd5fe2,2026-04-05,0,0.0,0.00%,Non-BOT
9c92ea02-9d15-4695-8de9-e9780bdd5fe2,04/06/2026,0,0.0,0.00%,Non-BOT
9c92ea02-9d15-4695-8de9-e9780bdd5fe2,04/07/2026,4,932.5,72.96%,Non-BOT
9c92ea02-9d15-4695-8de9-e9780bdd5fe2,2026-04-08,0,0.0,0.00%,Non-BOT
9c92ea02-9d15-4695-8de9-e9780bdd5fe2,04/09/2026,0,0.0,0.00%,Non-BOT
9c92ea02-9d15-4695-8de9-e9780bdd5fe2,04/10/2026,1,433.0,64.55%,Non-BOT
9c92ea02-9d15-4695-8de9-e9780bdd5fe2,04/11/2026,0,0.0,0.00%,Non-BOT
9c92ea02-9d15-4695-8de9-e9780bdd5fe2,04/12/2026,6,201.5,77.61%,Non-BOT
9c92ea02-9d15-4695-8de9-e9780bdd5fe2,04/13/2026,0,0.0,0.00%,Non-BOT
9c92ea02-9d15-4695-8de9-e9780bdd5fe2,2026-04-14,0,0.0,0.00%,Non-BOT
9c92ea02-9d15-4695-8de9-e9780bdd5fe2,04/15/2026,0,0.0,0.00%,Non-BOT
9c92ea02-9d15-4695-8de9-e9780bdd5fe2,2026-04-16,0,0.0,0.00%,Non-BOT
9c92ea02-9d15-4695-8de9-e9780bdd5fe2,2026-04-17,0,0.0,0.00%,Non-BOT
9c92ea02-9d15-4695-8de9-e9780bdd5fe2,2026-04-18,0,0.0,0.00%,Non-BOT
9c92ea02-9d15-4695-8de9-e9780bdd5fe2,04/19/2026,3,911.7,53.91%,Non-BOT
9c92ea02-9d15-4695-8de9-e9780bdd5fe2,04/20/2026,0,0.0,0.00%,Non-BOT
9c92ea02-9d15-4695-8de9-e9780bdd5fe2,04/21/2026,0,0.0,0.00%,Non-BOT
9c92ea02-9d15-4695-8de9-e9780bdd5fe2,04/22/2026,0,0.0,0.00%,Non-BOT
9c92ea02-9d15-4695-8de9-e9780bdd5fe2,2026-04-23,0,0.0,0.00%,Non-BOT
9c92ea02-9d15-4695-8de9-e9780bdd5fe2,04/24/2026,0,0.0,0.00%,Non-BOT
9c92ea02-9d15-4695-8de9-e9780bdd5fe2,2026-04-25,0,0.0,0.00%,Non-BOT
9c92ea02-9d15-4695-8de9-e9780bdd5fe2,2026-04-26,2,705.4,76.76%,Non-BOT
9c92ea02-9d15-4695-8de9-e9780bdd5fe2,04/27/2026,0,0.0,0.00%,Non-BOT
9c92ea02-9d15-4695-8de9-e9780bdd5fe2,2026-04-28,0,0.0,0.00%,Non-BOT
9c92ea02-9d15-4695-8de9-e9780bdd5fe2,04/29/2026,0,0.0,0.00%,Non-BOT
9c92ea02-9d15-4695-8de9-e9780bdd5fe2,2026-04-30,0,0.0,0.00%,Non-BOT
97108637-5974-4185-8db9-41cdb4f6954e,2026-04-01,0,0.0,0.00%,Non-BOT
97108637-5974-4185-8db9-41cdb4f6954e,2026-04-02,0,0.0,0.00%,Non-BOT
97108637-5974-4185-8db9-41cdb4f6954e,04/03/2026,0,0.0,0.00%,Non-BOT
97108637-5974-4185-8db9-41cdb4f6954e,2026-04-04,0,0.0,0.00%,Non-BOT
97108637-5974-4185-8db9-41cdb4f6954e,04/05/2026,0,0.0,0.00%,Non-BOT
97108637-5974-4185-8db9-41cdb4f6954e,2026-04-06,0,0.0,0.00%,Non-BOT
97108637-5974-4185-8db9-41cdb4f6954e,2026-04-07,0,0.0,0.00%,Non-BOT
97108637-5974-4185-8db9-41cdb4f6954e,2026-04-08,0,0.0,0.00%,Non-BOT
97108637-5974-4185-8db9-41cdb4f6954e,04/09/2026,6,606.5,72.51%,Non-BOT
97108637-5974-4185-8db9-41cdb4f6954e,2026-04-10,0,0.0,0.00%,Non-BOT
97108637-5974-4185-8db9-41cdb4f6954e,2026-04-11,5,663.3,85.80%,Non-BOT
97108637-5974-4185-8db9-41cdb4f6954e,04/12/2026,0,0.0,0.00%,Non-BOT
97108637-5974-4185-8db9-41cdb4f6954e,2026-04-13,5,1026.4,79.27%,Non-BOT
97108637-5974-4185-8db9-41cdb4f6954e,04/14/2026,0,0.0,0.00%,Non-BOT
97108637-5974-4185-8db9-41cdb4f6954e,2026-04-15,0,0.0,0.00%,Non-BOT
97108637-5974-4185-8db9-41cdb4f6954e,2026-04-16,0,0.0,0.00%,Non-BOT
97108637-5974-4185-8db9-41cdb4f6954e,2026-04-17,0,0.0,0.00%,Non-BOT
97108637-5974-4185-8db9-41cdb4f6954e,2026-04-18,0,0.0,0.00%,Non-BOT
97108637-5974-4185-8db9-41cdb4f6954e,04/19/2026,0,0.0,0.00%,Non-BOT
97108637-5974-4185-8db9-41cdb4f6954e,04/20/2026,0,0.0,0.00%,Non-BOT
97108637-5974-4185-8db9-41cdb4f6954e,2026-04-21,0,0.0,0.00%,Non-BOT
97108637-5974-4185-8db9-41cdb4f6954e,04/22/2026,0,0.0,0.00%,Non-BOT
97108637-5974-4185-8db9-41cdb4f6954e,04/23/2026,1,1152.1,85.89%,Non-BOT
97108637-5974-4185-8db9-41cdb4f6954e,04/24/2026,4,294.7,54.28%,Non-BOT
97108637-5974-4185-8db9-41cdb4f6954e,04/25/2026,2,212.0,84.88%,Non-BOT
97108637-5974-4185-8db9-41cdb4f6954e,04/26/2026,3,398.1,66.82%,Non-BOT
97108637-5974-4185-8db9-41cdb4f6954e,04/27/2026,0,0.0,0.00%,Non-BOT
97108637-5974-4185-8db9-41cdb4f6954e,04/28/2026,2,782.3,60.87%,Non-BOT
97108637-5974-4185-8db9-41cdb4f6954e,04/29/2026,1,1197.2,58.31%,Non-BOT
97108637-5974-4185-8db9-41cdb4f6954e,04/30/2026,0,0.0,0.00%,Non-BOT
d27eabb1-8951-454b-b221-70d0781f87db,2026-04-01,0,0.0,0.00%,Non-BOT
d27eabb1-8951-454b-b221-70d0781f87db,2026-04-02,0,0.0,0.00%,Non-BOT
d27eabb1-8951-454b-b221-70d0781f87db,2026-04-03,0,0.0,0.00%,Non-BOT
d27eabb1-8951-454b-b221-70d0781f87db,2026-04-04,7,1021.7,66.59%,Non-BOT
d27eabb1-8951-454b-b221-70d0781f87db,04/05/2026,0,0.0,0.00%,Non-BOT
d27eabb1-8951-454b-b221-70d0781f87db,2026-04-06,0,0.0,0.00%,Non-BOT
d27eabb1-8951-454b-b221-70d0781f87db,2026-04-07,0,0.0,0.00%,Non-BOT
d27eabb1-8951-454b-b221-70d0781f87db,2026-04-08,0,0.0,0.00%,Non-BOT
d27eabb1-8951-454b-b221-70d0781f87db,2026-04-09,0,0.0,0.00%,Non-BOT
d27eabb1-8951-454b-b221-70d0781f87db,04/10/2026,0,0.0,0.00%,Non-BOT
d27eabb1-8951-454b-b221-70d0781f87db,04/11/2026,1,814.1,75.91%,Non-BOT
d27eabb1-8951-454b-b221-70d0781f87db,2026-04-12,0,0.0,0.00%,Non-BOT
d27eabb1-8951-454b-b221-70d0781f87db,04/13/2026,0,0.0,0.00%,Non-BOT
d27eabb1-8951-454b-b221-70d0781f87db,2026-04-14,0,0.0,0.00%,Non-BOT
d27eabb1-8951-454b-b221-70d0781f87db,2026-04-15,0,0.0,0.00%,Non-BOT
d27eabb1-8951-454b-b221-70d0781f87db,2026-04-16,0,0.0,0.00%,Non-BOT
d27eabb1-8951-454b-b221-70d0781f87db,2026-04-17,0,0.0,0.00%,Non-BOT
d27eabb1-8951-454b-b221-70d0781f87db,04/18/2026,0,0.0,0.00%,Non-BOT
d27eabb1-8951-454b-b221-70d0781f87db,04/19/2026,0,0.0,0.00%,Non-BOT
d27eabb1-8951-454b-b221-70d0781f87db,2026-04-20,0,0.0,0.00%,Non-BOT
d27eabb1-8951-454b-b221-70d0781f87db,04/21/2026,0,0.0,0.00%,Non-BOT
d27eabb1-8951-454b-b221-70d0781f87db,04/22/2026,0,0.0,0.00%,Non-BOT
d27eabb1-8951-454b-b221-70d0781f87db,2026-04-23,0,0.0,0.00%,Non-BOT
d27eabb1-8951-454b-b221-70d0781f87db,2026-04-24,0,0.0,0.00%,Non-BOT
d27eabb1-8951-454b-b221-70d0781f87db,04/25/2026,0,0.0,0.00%,Non-BOT
d27eabb1-8951-454b-b221-70d0781f87db,04/26/2026,8,744.5,70.36%,Non-BOT
d27eabb1-8951-454b-b221-70d0781f87db,2026-04-27,6,588.4,57.55%,Non-BOT
d27eabb1-8951-454b-b221-70d0781f87db,2026-04-28,4,229.3,84.05%,Non-BOT
d27eabb1-8951-454b-b221-70d0781f87db,04/29/2026,8,729.4,82.21%,Non-BOT
d27eabb1-8951-454b-b221-70d0781f87db,04/30/2026,0,0.0,0.00%,Non-BOT
54763402-bf8c-40e7-b09e-8d7073473b05,2026-04-01,0,0.0,0.00%,Non-BOT
54763402-bf8c-40e7-b09e-8d7073473b05,04/02/2026,0,0.0,0.00%,Non-BOT
54763402-bf8c-40e7-b09e-8d7073473b05,2026-04-03,0,0.0,0.00%,Non-BOT
54763402-bf8c-40e7-b09e-8d7073473b05,04/04/2026,0,0.0,0.00%,Non-BOT
54763402-bf8c-40e7-b09e-8d7073473b05,04/05/2026,0,0.0,0.00%,Non-BOT
54763402-bf8c-40e7-b09e-8d7073473b05,2026-04-06,0,0.0,0.00%,Non-BOT
54763402-bf8c-40e7-b09e-8d7073473b05,04/07/2026,0,0.0,0.00%,Non-BOT
54763402-bf8c-40e7-b09e-8d7073473b05,04/08/2026,3,376.1,74.89%,Non-BOT
54763402-bf8c-40e7-b09e-8d7073473b05,04/09/2026,6,1114.0,51.18%,Non-BOT
54763402-bf8c-40e7-b09e-8d7073473b05,04/10/2026,0,0.0,0.00%,Non-BOT
54763402-bf8c-40e7-b09e-8d7073473b05,04/11/2026,0,0.0,0.00%,Non-BOT
54763402-bf8c-40e7-b09e-8d7073473b05,04/12/2026,0,0.0,0.00%,Non-BOT
54763402-bf8c-40e7-b09e-8d7073473b05,2026-04-13,0,0.0,0.00%,Non-BOT
54763402-bf8c-40e7-b09e-8d7073473b05,04/14/2026,0,0.0,0.00%,Non-BOT
54763402-bf8c-40e7-b09e-8d7073473b05,04/15/2026,0,0.0,0.00%,Non-BOT
54763402-bf8c-40e7-b09e-8d7073473b05,2026-04-16,0,0.0,0.00%,Non-BOT
54763402-bf8c-40e7-b09e-8d7073473b05,2026-04-17,0,0.0,0.00%,Non-BOT
54763402-bf8c-40e7-b09e-8d7073473b05,04/18/2026,8,238.0,52.36%,Non-BOT
54763402-bf8c-40e7-b09e-8d7073473b05,2026-04-19,0,0.0,0.00%,Non-BOT
54763402-bf8c-40e7-b09e-8d7073473b05,2026-04-20,0,0.0,0.00%,Non-BOT
54763402-bf8c-40e7-b09e-8d7073473b05,2026-04-21,0,0.0,0.00%,Non-BOT
54763402-bf8c-40e7-b09e-8d7073473b05,2026-04-22,4,1006.4,64.31%,Non-BOT
54763402-bf8c-40e7-b09e-8d7073473b05,04/23/2026,0,0.0,0.00%,Non-BOT
54763402-bf8c-40e7-b09e-8d7073473b05,04/24/2026,6,259.6,56.20%,Non-BOT
54763402-bf8c-40e7-b09e-8d7073473b05,2026-04-25,0,0.0,0.00%,Non-BOT
54763402-bf8c-40e7-b09e-8d7073473b05,2026-04-26,0,0.0,0.00%,Non-BOT
54763402-bf8c-40e7-b09e-8d7073473b05,04/27/2026,0,0.0,0.00%,Non-BOT
54763402-bf8c-40e7-b09e-8d7073473b05,2026-04-28,0,0.0,0.00%,Non-BOT
54763402-bf8c-40e7-b09e-8d7073473b05,2026-04-29,0,0.0,0.00%,Non-BOT
54763402-bf8c-40e7-b09e-8d7073473b05,2026-04-30,7,786.0,64.14%,Non-BOT
fcf3d900-f18a-49a0-b01b-2b2fccb17b2a,2026-04-01,0,0.0,0.00%,Non-BOT
fcf3d900-f18a-49a0-b01b-2b2fccb17b2a,04/02/2026,0,0.0,0.00%,Non-BOT
fcf3d900-f18a-49a0-b01b-2b2fccb17b2a,04/03/2026,0,0.0,0.00%,Non-BOT
fcf3d900-f18a-49a0-b01b-2b2fccb17b2a,04/04/2026,0,0.0,0.00%,Non-BOT
fcf3d900-f18a-49a0-b01b-2b2fccb17b2a,04/05/2026,0,0.0,0.00%,Non-BOT
fcf3d900-f18a-49a0-b01b-2b2fccb17b2a,2026-04-06,0,0.0,0.00%,Non-BOT
fcf3d900-f18a-49a0-b01b-2b2fccb17b2a,04/07/2026,0,0.0,0.00%,Non-BOT
fcf3d900-f18a-49a0-b01b-2b2fccb17b2a,2026-04-08,0,0.0,0.00%,Non-BOT
fcf3d900-f18a-49a0-b01b-2b2fccb17b2a,2026-04-09,0,0.0,0.00%,Non-BOT
fcf3d900-f18a-49a0-b01b-2b2fccb17b2a,04/10/2026,0,0.0,0.00%,Non-BOT
fcf3d900-f18a-49a0-b01b-2b2fccb17b2a,04/11/2026,3,377.7,50.08%,Non-BOT
fcf3d900-f18a-49a0-b01b-2b2fccb17b2a,04/12/2026,0,0.0,0.00%,Non-BOT
fcf3d900-f18a-49a0-b01b-2b2fccb17b2a,04/13/2026,0,0.0,0.00%,Non-BOT
fcf3d900-f18a-49a0-b01b-2b2fccb17b2a,04/14/2026,1,382.1,63.37%,Non-BOT
fcf3d900-f18a-49a0-b01b-2b2fccb17b2a,04/15/2026,0,0.0,0.00%,Non-BOT
fcf3d900-f18a-49a0-b01b-2b2fccb17b2a,04/16/2026,2,1136.7,55.91%,Non-BOT
fcf3d900-f18a-49a0-b01b-2b2fccb17b2a,2026-04-17,0,0.0,0.00%,Non-BOT
fcf3d900-f18a-49a0-b01b-2b2fccb17b2a,04/18/2026,0,0.0,0.00%,Non-BOT
fcf3d900-f18a-49a0-b01b-2b2fccb17b2a,2026-04-19,0,0.0,0.00%,Non-BOT
fcf3d900-f18a-49a0-b01b-2b2fccb17b2a,04/20/2026,0,0.0,0.00%,Non-BOT
fcf3d900-f18a-49a0-b01b-2b2fccb17b2a,04/21/2026,2,1021.7,78.14%,Non-BOT
fcf3d900-f18a-49a0-b01b-2b2fccb17b2a,2026-04-22,0,0.0,0.00%,Non-BOT
fcf3d900-f18a-49a0-b01b-2b2fccb17b2a,2026-04-23,0,0.0,0.00%,Non-BOT
fcf3d900-f18a-49a0-b01b-2b2fccb17b2a,2026-04-24,4,449.5,52.85%,Non-BOT
fcf3d900-f18a-49a0-b01b-2b2fccb17b2a,2026-04-25,0,0.0,0.00%,Non-BOT
fcf3d900-f18a-49a0-b01b-2b2fccb17b2a,2026-04-26,1,248.1,68.41%,Non-BOT
fcf3d900-f18a-49a0-b01b-2b2fccb17b2a,2026-04-27,3,1084.6,70.71%,Non-BOT
fcf3d900-f18a-49a0-b01b-2b2fccb17b2a,04/28/2026,0,0.0,0.00%,Non-BOT
fcf3d900-f18a-49a0-b01b-2b2fccb17b2a,2026-04-29,0,0.0,0.00%,Non-BOT
fcf3d900-f18a-49a0-b01b-2b2fccb17b2a,2026-04-30,0,0.0,0.00%,Non-BOT
266d77d8-2ffd-492c-aef3-e46deeaa83b8,04/01/2026,6,370.1,65.77%,Non-BOT
266d77d8-2ffd-492c-aef3-e46deeaa83b8,04/02/2026,2,538.0,91.38%,Non-BOT
266d77d8-2ffd-492c-aef3-e46deeaa83b8,04/03/2026,1,631.3,77.45%,Non-BOT
266d77d8-2ffd-492c-aef3-e46deeaa83b8,2026-04-04,7,357.1,54.25%,Non-BOT
266d77d8-2ffd-492c-aef3-e46deeaa83b8,2026-04-05,0,0.0,0.00%,Non-BOT
266d77d8-2ffd-492c-aef3-e46deeaa83b8,2026-04-06,5,860.6,62.49%,Non-BOT
266d77d8-2ffd-492c-aef3-e46deeaa83b8,2026-04-07,0,0.0,0.00%,Non-BOT
266d77d8-2ffd-492c-aef3-e46deeaa83b8,2026-04-08,8,353.6,65.15%,Non-BOT
266d77d8-2ffd-492c-aef3-e46deeaa83b8,2026-04-09,5,1023.9,76.25%,Non-BOT
266d77d8-2ffd-492c-aef3-e46deeaa83b8,2026-04-10,2,225.7,57.17%,Non-BOT
266d77d8-2ffd-492c-aef3-e46deeaa83b8,04/11/2026,2,673.6,54.85%,Non-BOT
266d77d8-2ffd-492c-aef3-e46deeaa83b8,2026-04-12,0,0.0,0.00%,Non-BOT
266d77d8-2ffd-492c-aef3-e46deeaa83b8,04/13/2026,0,0.0,0.00%,Non-BOT
266d77d8-2ffd-492c-aef3-e46deeaa83b8,2026-04-14,0,0.0,0.00%,Non-BOT
266d77d8-2ffd-492c-aef3-e46deeaa83b8,2026-04-15,7,384.9,87.19%,Non-BOT
266d77d8-2ffd-492c-aef3-e46deeaa83b8,2026-04-16,0,0.0,0.00%,Non-BOT
266d77d8-2ffd-492c-aef3-e46deeaa83b8,2026-04-17,0,0.0,0.00%,Non-BOT
266d77d8-2ffd-492c-aef3-e46deeaa83b8,2026-04-18,0,0.0,0.00%,Non-BOT
266d77d8-2ffd-492c-aef3-e46deeaa83b8,2026-04-19,0,0.0,0.00%,Non-BOT
266d77d8-2ffd-492c-aef3-e46deeaa83b8,2026-04-20,0,0.0,0.00%,Non-BOT
266d77d8-2ffd-492c-aef3-e46deeaa83b8,2026-04-21,1,351.1,79.25%,Non-BOT
266d77d8-2ffd-492c-aef3-e46deeaa83b8,04/22/2026,6,1008.2,67.39%,Non-BOT
266d77d8-2ffd-492c-aef3-e46deeaa83b8,2026-04-23,0,0.0,0.00%,Non-BOT
266d77d8-2ffd-492c-aef3-e46deeaa83b8,2026-04-24,1,1040.8,84.37%,Non-BOT
266d77d8-2ffd-492c-aef3-e46deeaa83b8,2026-04-25,8,772.7,59.90%,Non-BOT
266d77d8-2ffd-492c-aef3-e46deeaa83b8,2026-04-26,0,0.0,0.00%,Non-BOT
266d77d8-2ffd-492c-aef3-e46deeaa83b8,04/27/2026,0,0.0,0.00%,Non-BOT
266d77d8-2ffd-492c-aef3-e46deeaa83b8,2026-04-28,0,0.0,0.00%,Non-BOT
266d77d8-2ffd-492c-aef3-e46deeaa83b8,04/29/2026,0,0.0,0.00%,Non-BOT
266d77d8-2ffd-492c-aef3-e46deeaa83b8,04/30/2026,0,0.0,0.00%,Non-BOT
7c0955ad-f3e3-427b-a0cf-6e0fe48394e0,04/01/2026,0,0.0,0.00%,Non-BOT
7c0955ad-f3e3-427b-a0cf-6e0fe48394e0,2026-04-02,7,401.9,84.55%,Non-BOT
7c0955ad-f3e3-427b-a0cf-6e0fe48394e0,04/03/2026,5,519.7,80.54%,Non-BOT
7c0955ad-f3e3-427b-a0cf-6e0fe48394e0,2026-04-04,2,588.1,66.69%,Non-BOT
7c0955ad-f3e3-427b-a0cf-6e0fe48394e0,2026-04-05,5,719.7,88.52%,Non-BOT
7c0955ad-f3e3-427b-a0cf-6e0fe48394e0,04/06/2026,7,312.5,56.28%,Non-BOT
7c0955ad-f3e3-427b-a0cf-6e0fe48394e0,2026-04-07,2,1124.9,73.63%,Non-BOT
7c0955ad-f3e3-427b-a0cf-6e0fe48394e0,2026-04-08,0,0.0,0.00%,Non-BOT
7c0955ad-f3e3-427b-a0cf-6e0fe48394e0,04/09/2026,0,0.0,0.00%,Non-BOT
7c0955ad-f3e3-427b-a0cf-6e0fe48394e0,2026-04-10,0,0.0,0.00%,Non-BOT
7c0955ad-f3e3-427b-a0cf-6e0fe48394e0,2026-04-11,0,0.0,0.00%,Non-BOT
7c0955ad-f3e3-427b-a0cf-6e0fe48394e0,2026-04-12,0,0.0,0.00%,Non-BOT
7c0955ad-f3e3-427b-a0cf-6e0fe48394e0,2026-04-13,0,0.0,0.00%,Non-BOT
7c0955ad-f3e3-427b-a0cf-6e0fe48394e0,2026-04-14,8,237.5,61.57%,Non-BOT
7c0955ad-f3e3-427b-a0cf-6e0fe48394e0,2026-04-15,7,238.8,87.36%,Non-BOT
7c0955ad-f3e3-427b-a0cf-6e0fe48394e0,2026-04-16,0,0.0,0.00%,Non-BOT
7c0955ad-f3e3-427b-a0cf-6e0fe48394e0,04/17/2026,0,0.0,0.00%,Non-BOT
7c0955ad-f3e3-427b-a0cf-6e0fe48394e0,04/18/2026,0,0.0,0.00%,Non-BOT
7c0955ad-f3e3-427b-a0cf-6e0fe48394e0,04/19/2026,0,0.0,0.00%,Non-BOT
7c0955ad-f3e3-427b-a0cf-6e0fe48394e0,2026-04-20,1,537.9,83.33%,Non-BOT
7c0955ad-f3e3-427b-a0cf-6e0fe48394e0,04/21/2026,0,0.0,0.00%,Non-BOT
7c0955ad-f3e3-427b-a0cf-6e0fe48394e0,2026-04-22,2,1172.5,59.57%,Non-BOT
7c0955ad-f3e3-427b-a0cf-6e0fe48394e0,04/23/2026,0,0.0,0.00%,Non-BOT
7c0955ad-f3e3-427b-a0cf-6e0fe48394e0,04/24/2026,6,469.4,67.50%,Non-BOT
7c0955ad-f3e3-427b-a0cf-6e0fe48394e0,2026-04-25,4,641.7,88.36%,Non-BOT
7c0955ad-f3e3-427b-a0cf-6e0fe48394e0,2026-04-26,0,0.0,0.00%,Non-BOT
7c0955ad-f3e3-427b-a0cf-6e0fe48394e0,04/27/2026,0,0.0,0.00%,Non-BOT
7c0955ad-f3e3-427b-a0cf-6e0fe48394e0,2026-04-28,6,1021.0,71.64%,Non-BOT
7c0955ad-f3e3-427b-a0cf-6e0fe48394e0,2026-04-29,0,0.0,0.00%,Non-BOT
7c0955ad-f3e3-427b-a0cf-6e0fe48394e0,04/30/2026,7,335.6,85.75%,Non-BOT
047888be-d6ff-4588-afcf-a3ed99b2d9a2,2026-04-01,0,0.0,0.00%,Non-BOT
047888be-d6ff-4588-afcf-a3ed99b2d9a2,2026-04-02,8,250.6,65.14%,Non-BOT
047888be-d6ff-4588-afcf-a3ed99b2d9a2,2026-04-03,0,0.0,0.00%,Non-BOT
047888be-d6ff-4588-afcf-a3ed99b2d9a2,2026-04-04,0,0.0,0.00%,Non-BOT
047888be-d6ff-4588-afcf-a3ed99b2d9a2,2026-04-05,0,0.0,0.00%,Non-BOT
047888be-d6ff-4588-afcf-a3ed99b2d9a2,2026-04-06,2,881.2,60.16%,Non-BOT
047888be-d6ff-4588-afcf-a3ed99b2d9a2,04/07/2026,8,377.6,86.56%,Non-BOT
047888be-d6ff-4588-afcf-a3ed99b2d9a2,2026-04-08,0,0.0,0.00%,Non-BOT
047888be-d6ff-4588-afcf-a3ed99b2d9a2,2026-04-09,0,0.0,0.00%,Non-BOT
047888be-d6ff-4588-afcf-a3ed99b2d9a2,04/10/2026,0,0.0,0.00%,Non-BOT
047888be-d6ff-4588-afcf-a3ed99b2d9a2,04/11/2026,0,0.0,0.00%,Non-BOT
047888be-d6ff-4588-afcf-a3ed99b2d9a2,04/12/2026,0,0.0,0.00%,Non-BOT
047888be-d6ff-4588-afcf-a3ed99b2d9a2,2026-04-13,0,0.0,0.00%,Non-BOT
047888be-d6ff-4588-afcf-a3ed99b2d9a2,2026-04-14,0,0.0,0.00%,Non-BOT
047888be-d6ff-4588-afcf-a3ed99b2d9a2,2026-04-15,0,0.0,0.00%,Non-BOT
047888be-d6ff-4588-afcf-a3ed99b2d9a2,04/16/2026,0,0.0,0.00%,Non-BOT
047888be-d6ff-4588-afcf-a3ed99b2d9a2,04/17/2026,0,0.0,0.00%,Non-BOT
047888be-d6ff-4588-afcf-a3ed99b2d9a2,04/18/2026,0,0.0,0.00%,Non-BOT
047888be-d6ff-4588-afcf-a3ed99b2d9a2,04/19/2026,0,0.0,0.00%,Non-BOT
047888be-d6ff-4588-afcf-a3ed99b2d9a2,04/20/2026,0,0.0,0.00%,Non-BOT
047888be-d6ff-4588-afcf-a3ed99b2d9a2,2026-04-21,0,0.0,0.00%,Non-BOT
047888be-d6ff-4588-afcf-a3ed99b2d9a2,2026-04-22,0,0.0,0.00%,Non-BOT
047888be-d6ff-4588-afcf-a3ed99b2d9a2,2026-04-23,0,0.0,0.00%,Non-BOT
047888be-d6ff-4588-afcf-a3ed99b2d9a2,04/24/2026,0,0.0,0.00%,Non-BOT
047888be-d6ff-4588-afcf-a3ed99b2d9a2,04/25/2026,0,0.0,0.00%,Non-BOT
047888be-d6ff-4588-afcf-a3ed99b2d9a2,2026-04-26,0,0.0,0.00%,Non-BOT
047888be-d6ff-4588-afcf-a3ed99b2d9a2,2026-04-27,3,847.4,75.25%,Non-BOT
047888be-d6ff-4588-afcf-a3ed99b2d9a2,2026-04-28,0,0.0,0.00%,Non-BOT
047888be-d6ff-4588-afcf-a3ed99b2d9a2,2026-04-29,5,912.7,79.79%,Non-BOT
047888be-d6ff-4588-afcf-a3ed99b2d9a2,04/30/2026,0,0.0,0.00%,Non-BOT
8a51372b-502b-4960-9d68-4c050b053e09,2026-04-01,0,0.0,0.00%,Non-BOT
8a51372b-502b-4960-9d68-4c050b053e09,04/02/2026,0,0.0,0.00%,Non-BOT
8a51372b-502b-4960-9d68-4c050b053e09,04/03/2026,0,0.0,0.00%,Non-BOT
8a51372b-502b-4960-9d68-4c050b053e09,04/04/2026,0,0.0,0.00%,Non-BOT
8a51372b-502b-4960-9d68-4c050b053e09,2026-04-05,0,0.0,0.00%,Non-BOT
8a51372b-502b-4960-9d68-4c050b053e09,04/06/2026,0,0.0,0.00%,Non-BOT
8a51372b-502b-4960-9d68-4c050b053e09,2026-04-07,5,498.5,54.54%,Non-BOT
8a51372b-502b-4960-9d68-4c050b053e09,04/08/2026,0,0.0,0.00%,Non-BOT
8a51372b-502b-4960-9d68-4c050b053e09,04/09/2026,6,1061.5,60.97%,Non-BOT
8a51372b-502b-4960-9d68-4c050b053e09,2026-04-10,5,388.4,71.73%,Non-BOT
8a51372b-502b-4960-9d68-4c050b053e09,2026-04-11,0,0.0,0.00%,Non-BOT
8a51372b-502b-4960-9d68-4c050b053e09,04/12/2026,0,0.0,0.00%,Non-BOT
8a51372b-502b-4960-9d68-4c050b053e09,04/13/2026,7,860.5,78.59%,Non-BOT
8a51372b-502b-4960-9d68-4c050b053e09,04/14/2026,0,0.0,0.00%,Non-BOT
8a51372b-502b-4960-9d68-4c050b053e09,2026-04-15,5,459.4,67.58%,Non-BOT
8a51372b-502b-4960-9d68-4c050b053e09,2026-04-16,0,0.0,0.00%,Non-BOT
8a51372b-502b-4960-9d68-4c050b053e09,04/17/2026,4,543.2,79.96%,Non-BOT
8a51372b-502b-4960-9d68-4c050b053e09,04/18/2026,0,0.0,0.00%,Non-BOT
8a51372b-502b-4960-9d68-4c050b053e09,04/19/2026,8,1106.5,78.22%,Non-BOT
8a51372b-502b-4960-9d68-4c050b053e09,2026-04-20,3,1040.6,86.81%,Non-BOT
8a51372b-502b-4960-9d68-4c050b053e09,2026-04-21,0,0.0,0.00%,Non-BOT
8a51372b-502b-4960-9d68-4c050b053e09,04/22/2026,3,940.9,80.46%,Non-BOT
8a51372b-502b-4960-9d68-4c050b053e09,04/23/2026,0,0.0,0.00%,Non-BOT
8a51372b-502b-4960-9d68-4c050b053e09,04/24/2026,0,0.0,0.00%,Non-BOT
8a51372b-502b-4960-9d68-4c050b053e09,04/25/2026,0,0.0,0.00%,Non-BOT
8a51372b-502b-4960-9d68-4c050b053e09,04/26/2026,0,0.0,0.00%,Non-BOT
8a51372b-502b-4960-9d68-4c050b053e09,2026-04-27,0,0.0,0.00%,Non-BOT
8a51372b-502b-4960-9d68-4c050b053e09,2026-04-28,0,0.0,0.00%,Non-BOT
8a51372b-502b-4960-9d68-4c050b053e09,04/29/2026,0,0.0,0.00%,Non-BOT
8a51372b-502b-4960-9d68-4c050b053e09,2026-04-30,7,988.1,63.92%,Non-BOT
4613d554-c193-4af0-8870-9babf73348d9,2026-04-01,0,0.0,0.00%,Non-BOT
4613d554-c193-4af0-8870-9babf73348d9,2026-04-02,4,700.5,86.43%,Non-BOT
4613d554-c193-4af0-8870-9babf73348d9,2026-04-03,0,0.0,0.00%,Non-BOT
4613d554-c193-4af0-8870-9babf73348d9,04/04/2026,1,1070.8,56.33%,Non-BOT
4613d554-c193-4af0-8870-9babf73348d9,2026-04-05,0,0.0,0.00%,Non-BOT
4613d554-c193-4af0-8870-9babf73348d9,04/06/2026,0,0.0,0.00%,Non-BOT
4613d554-c193-4af0-8870-9babf73348d9,04/07/2026,0,0.0,0.00%,Non-BOT
4613d554-c193-4af0-8870-9babf73348d9,04/08/2026,0,0.0,0.00%,Non-BOT
4613d554-c193-4af0-8870-9babf73348d9,2026-04-09,0,0.0,0.00%,Non-BOT
4613d554-c193-4af0-8870-9babf73348d9,04/10/2026,0,0.0,0.00%,Non-BOT
4613d554-c193-4af0-8870-9babf73348d9,2026-04-11,0,0.0,0.00%,Non-BOT
4613d554-c193-4af0-8870-9babf73348d9,2026-04-12,0,0.0,0.00%,Non-BOT
4613d554-c193-4af0-8870-9babf73348d9,2026-04-13,0,0.0,0.00%,Non-BOT
4613d554-c193-4af0-8870-9babf73348d9,04/14/2026,0,0.0,0.00%,Non-BOT
4613d554-c193-4af0-8870-9babf73348d9,2026-04-15,6,834.5,50.20%,Non-BOT
4613d554-c193-4af0-8870-9babf73348d9,04/16/2026,3,776.3,56.65%,Non-BOT
4613d554-c193-4af0-8870-9babf73348d9,04/17/2026,0,0.0,0.00%,Non-BOT
4613d554-c193-4af0-8870-9babf73348d9,2026-04-18,0,0.0,0.00%,Non-BOT
4613d554-c193-4af0-8870-9babf73348d9,04/19/2026,7,833.5,66.94%,Non-BOT
4613d554-c193-4af0-8870-9babf73348d9,04/20/2026,7,204.7,72.42%,Non-BOT
4613d554-c193-4af0-8870-9babf73348d9,04/21/2026,1,1092.0,81.79%,Non-BOT
4613d554-c193-4af0-8870-9babf73348d9,2026-04-22,0,0.0,0.00%,Non-BOT
4613d554-c193-4af0-8870-9babf73348d9,2026-04-23,0,0.0,0.00%,Non-BOT
4613d554-c193-4af0-8870-9babf73348d9,2026-04-24,4,426.3,86.83%,Non-BOT
4613d554-c193-4af0-8870-9babf73348d9,2026-04-25,0,0.0,0.00%,Non-BOT
4613d554-c193-4af0-8870-9babf73348d9,04/26/2026,0,0.0,0.00%,Non-BOT
4613d554-c193-4af0-8870-9babf73348d9,2026-04-27,0,0.0,0.00%,Non-BOT
4613d554-c193-4af0-8870-9babf73348d9,2026-04-28,2,1023.8,62.52%,Non-BOT
4613d554-c193-4af0-8870-9babf73348d9,04/29/2026,0,0.0,0.00%,Non-BOT
4613d554-c193-4af0-8870-9babf73348d9,04/30/2026,0,0.0,0.00%,Non-BOT
da67cfd4-b303-4414-9ce3-45cee6bef8b1,2026-04-01,0,0.0,0.00%,Non-BOT
da67cfd4-b303-4414-9ce3-45cee6bef8b1,2026-04-02,0,0.0,0.00%,Non-BOT
da67cfd4-b303-4414-9ce3-45cee6bef8b1,04/03/2026,0,0.0,0.00%,Non-BOT
da67cfd4-b303-4414-9ce3-45cee6bef8b1,2026-04-04,0,0.0,0.00%,Non-BOT
da67cfd4-b303-4414-9ce3-45cee6bef8b1,2026-04-05,1,789.7,57.10%,Non-BOT
da67cfd4-b303-4414-9ce3-45cee6bef8b1,04/06/2026,1,575.2,76.89%,Non-BOT
da67cfd4-b303-4414-9ce3-45cee6bef8b1,2026-04-07,1,793.9,52.01%,Non-BOT
da67cfd4-b303-4414-9ce3-45cee6bef8b1,04/08/2026,0,0.0,0.00%,Non-BOT
da67cfd4-b303-4414-9ce3-45cee6bef8b1,2026-04-09,0,0.0,0.00%,Non-BOT
da67cfd4-b303-4414-9ce3-45cee6bef8b1,2026-04-10,0,0.0,0.00%,Non-BOT
da67cfd4-b303-4414-9ce3-45cee6bef8b1,2026-04-11,8,580.3,72.99%,Non-BOT
da67cfd4-b303-4414-9ce3-45cee6bef8b1,2026-04-12,3,405.5,78.80%,Non-BOT
da67cfd4-b303-4414-9ce3-45cee6bef8b1,2026-04-13,7,861.7,77.82%,Non-BOT
da67cfd4-b303-4414-9ce3-45cee6bef8b1,04/14/2026,3,618.8,87.74%,Non-BOT
da67cfd4-b303-4414-9ce3-45cee6bef8b1,04/15/2026,0,0.0,0.00%,Non-BOT
da67cfd4-b303-4414-9ce3-45cee6bef8b1,2026-04-16,5,314.0,54.46%,Non-BOT
da67cfd4-b303-4414-9ce3-45cee6bef8b1,2026-04-17,0,0.0,0.00%,Non-BOT
da67cfd4-b303-4414-9ce3-45cee6bef8b1,2026-04-18,0,0.0,0.00%,Non-BOT
da67cfd4-b303-4414-9ce3-45cee6bef8b1,04/19/2026,0,0.0,0.00%,Non-BOT
da67cfd4-b303-4414-9ce3-45cee6bef8b1,2026-04-20,0,0.0,0.00%,Non-BOT
da67cfd4-b303-4414-9ce3-45cee6bef8b1,04/21/2026,0,0.0,0.00%,Non-BOT
da67cfd4-b303-4414-9ce3-45cee6bef8b1,04/22/2026,5,360.4,73.02%,Non-BOT
da67cfd4-b303-4414-9ce3-45cee6bef8b1,04/23/2026,0,0.0,0.00%,Non-BOT
da67cfd4-b303-4414-9ce3-45cee6bef8b1,2026-04-24,0,0.0,0.00%,Non-BOT
da67cfd4-b303-4414-9ce3-45cee6bef8b1,2026-04-25,0,0.0,0.00%,Non-BOT
da67cfd4-b303-4414-9ce3-45cee6bef8b1,2026-04-26,0,0.0,0.00%,Non-BOT
da67cfd4-b303-4414-9ce3-45cee6bef8b1,2026-04-27,0,0.0,0.00%,Non-BOT
da67cfd4-b303-4414-9ce3-45cee6bef8b1,2026-04-28,0,0.0,0.00%,Non-BOT
da67cfd4-b303-4414-9ce3-45cee6bef8b1,04/29/2026,8,349.1,53.78%,Non-BOT
da67cfd4-b303-4414-9ce3-45cee6bef8b1,04/30/2026,0,0.0,0.00%,Non-BOT
13603b3d-d873-48ef-a4e8-b534f0683775,2026-04-01,0,0.0,0.00%,Non-BOT
13603b3d-d873-48ef-a4e8-b534f0683775,2026-04-02,0,0.0,0.00%,Non-BOT
13603b3d-d873-48ef-a4e8-b534f0683775,04/03/2026,0,0.0,0.00%,Non-BOT
13603b3d-d873-48ef-a4e8-b534f0683775,04/04/2026,0,0.0,0.00%,Non-BOT
13603b3d-d873-48ef-a4e8-b534f0683775,04/05/2026,0,0.0,0.00%,Non-BOT
13603b3d-d873-48ef-a4e8-b534f0683775,2026-04-06,0,0.0,0.00%,Non-BOT
13603b3d-d873-48ef-a4e8-b534f0683775,04/07/2026,0,0.0,0.00%,Non-BOT
13603b3d-d873-48ef-a4e8-b534f0683775,04/08/2026,7,938.5,53.99%,Non-BOT
13603b3d-d873-48ef-a4e8-b534f0683775,04/09/2026,1,209.7,55.81%,Non-BOT
13603b3d-d873-48ef-a4e8-b534f0683775,04/10/2026,6,557.5,68.38%,Non-BOT
13603b3d-d873-48ef-a4e8-b534f0683775,04/11/2026,0,0.0,0.00%,Non-BOT
13603b3d-d873-48ef-a4e8-b534f0683775,2026-04-12,0,0.0,0.00%,Non-BOT
13603b3d-d873-48ef-a4e8-b534f0683775,04/13/2026,0,0.0,0.00%,Non-BOT
13603b3d-d873-48ef-a4e8-b534f0683775,2026-04-14,0,0.0,0.00%,Non-BOT
13603b3d-d873-48ef-a4e8-b534f0683775,04/15/2026,7,600.3,69.17%,Non-BOT
13603b3d-d873-48ef-a4e8-b534f0683775,04/16/2026,0,0.0,0.00%,Non-BOT
13603b3d-d873-48ef-a4e8-b534f0683775,2026-04-17,0,0.0,0.00%,Non-BOT
13603b3d-d873-48ef-a4e8-b534f0683775,2026-04-18,0,0.0,0.00%,Non-BOT
13603b3d-d873-48ef-a4e8-b534f0683775,04/19/2026,0,0.0,0.00%,Non-BOT
13603b3d-d873-48ef-a4e8-b534f0683775,2026-04-20,0,0.0,0.00%,Non-BOT
13603b3d-d873-48ef-a4e8-b534f0683775,04/21/2026,3,896.2,52.46%,Non-BOT
13603b3d-d873-48ef-a4e8-b534f0683775,2026-04-22,0,0.0,0.00%,Non-BOT
13603b3d-d873-48ef-a4e8-b534f0683775,2026-04-23,0,0.0,0.00%,Non-BOT
13603b3d-d873-48ef-a4e8-b534f0683775,04/24/2026,0,0.0,0.00%,Non-BOT
13603b3d-d873-48ef-a4e8-b534f0683775,04/25/2026,0,0.0,0.00%,Non-BOT
13603b3d-d873-48ef-a4e8-b534f0683775,04/26/2026,0,0.0,0.00%,Non-BOT
13603b3d-d873-48ef-a4e8-b534f0683775,2026-04-27,0,0.0,0.00%,Non-BOT
13603b3d-d873-48ef-a4e8-b534f0683775,2026-04-28,0,0.0,0.00%,Non-BOT
13603b3d-d873-48ef-a4e8-b534f0683775,04/29/2026,6,811.4,86.23%,Non-BOT
13603b3d-d873-48ef-a4e8-b534f0683775,04/30/2026,0,0.0,0.00%,Non-BOT
9e6d5e64-5119-47c2-a2ce-ebb4e222b3ca,2026-04-01,0,0.0,0.00%,Non-BOT
9e6d5e64-5119-47c2-a2ce-ebb4e222b3ca,04/02/2026,6,212.4,86.47%,Non-BOT
9e6d5e64-5119-47c2-a2ce-ebb4e222b3ca,2026-04-03,4,1177.9,78.13%,Non-BOT
9e6d5e64-5119-47c2-a2ce-ebb4e222b3ca,2026-04-04,2,632.8,80.52%,Non-BOT
9e6d5e64-5119-47c2-a2ce-ebb4e222b3ca,04/05/2026,0,0.0,0.00%,Non-BOT
9e6d5e64-5119-47c2-a2ce-ebb4e222b3ca,04/06/2026,0,0.0,0.00%,Non-BOT
9e6d5e64-5119-47c2-a2ce-ebb4e222b3ca,2026-04-07,0,0.0,0.00%,Non-BOT
9e6d5e64-5119-47c2-a2ce-ebb4e222b3ca,04/08/2026,0,0.0,0.00%,Non-BOT
9e6d5e64-5119-47c2-a2ce-ebb4e222b3ca,04/09/2026,0,0.0,0.00%,Non-BOT
9e6d5e64-5119-47c2-a2ce-ebb4e222b3ca,04/10/2026,0,0.0,0.00%,Non-BOT
9e6d5e64-5119-47c2-a2ce-ebb4e222b3ca,2026-04-11,0,0.0,0.00%,Non-BOT
9e6d5e64-5119-47c2-a2ce-ebb4e222b3ca,04/12/2026,0,0.0,0.00%,Non-BOT
9e6d5e64-5119-47c2-a2ce-ebb4e222b3ca,04/13/2026,0,0.0,0.00%,Non-BOT
9e6d5e64-5119-47c2-a2ce-ebb4e222b3ca,2026-04-14,8,1051.9,86.52%,Non-BOT
9e6d5e64-5119-47c2-a2ce-ebb4e222b3ca,2026-04-15,8,520.6,63.90%,Non-BOT
9e6d5e64-5119-47c2-a2ce-ebb4e222b3ca,04/16/2026,4,750.5,65.90%,Non-BOT
9e6d5e64-5119-47c2-a2ce-ebb4e222b3ca,2026-04-17,0,0.0,0.00%,Non-BOT
9e6d5e64-5119-47c2-a2ce-ebb4e222b3ca,2026-04-18,0,0.0,0.00%,Non-BOT
9e6d5e64-5119-47c2-a2ce-ebb4e222b3ca,04/19/2026,0,0.0,0.00%,Non-BOT
9e6d5e64-5119-47c2-a2ce-ebb4e222b3ca,2026-04-20,0,0.0,0.00%,Non-BOT
9e6d5e64-5119-47c2-a2ce-ebb4e222b3ca,2026-04-21,0,0.0,0.00%,Non-BOT
9e6d5e64-5119-47c2-a2ce-ebb4e222b3ca,2026-04-22,0,0.0,0.00%,Non-BOT
9e6d5e64-5119-47c2-a2ce-ebb4e222b3ca,04/23/2026,0,0.0,0.00%,Non-BOT
9e6d5e64-5119-47c2-a2ce-ebb4e222b3ca,04/24/2026,0,0.0,0.00%,Non-BOT
9e6d5e64-5119-47c2-a2ce-ebb4e222b3ca,2026-04-25,0,0.0,0.00%,Non-BOT
9e6d5e64-5119-47c2-a2ce-ebb4e222b3ca,2026-04-26,0,0.0,0.00%,Non-BOT
9e6d5e64-5119-47c2-a2ce-ebb4e222b3ca,2026-04-27,0,0.0,0.00%,Non-BOT
9e6d5e64-5119-47c2-a2ce-ebb4e222b3ca,04/28/2026,0,0.0,0.00%,Non-BOT
9e6d5e64-5119-47c2-a2ce-ebb4e222b3ca,04/29/2026,0,0.0,0.00%,Non-BOT
9e6d5e64-5119-47c2-a2ce-ebb4e222b3ca,04/30/2026,5,1090.1,73.62%,Non-BOT
91fbcf79-78e0-4e4e-8fbf-b587a8413108,04/01/2026,0,0.0,0.00%,Non-BOT
91fbcf79-78e0-4e4e-8fbf-b587a8413108,2026-04-02,2,297.4,77.67%,Non-BOT
91fbcf79-78e0-4e4e-8fbf-b587a8413108,2026-04-03,0,0.0,0.00%,Non-BOT
91fbcf79-78e0-4e4e-8fbf-b587a8413108,04/04/2026,0,0.0,0.00%,Non-BOT
91fbcf79-78e0-4e4e-8fbf-b587a8413108,04/05/2026,0,0.0,0.00%,Non-BOT
91fbcf79-78e0-4e4e-8fbf-b587a8413108,04/06/2026,0,0.0,0.00%,Non-BOT
91fbcf79-78e0-4e4e-8fbf-b587a8413108,2026-04-07,0,0.0,0.00%,Non-BOT
91fbcf79-78e0-4e4e-8fbf-b587a8413108,2026-04-08,2,245.8,56.89%,Non-BOT
91fbcf79-78e0-4e4e-8fbf-b587a8413108,04/09/2026,0,0.0,0.00%,Non-BOT
91fbcf79-78e0-4e4e-8fbf-b587a8413108,04/10/2026,0,0.0,0.00%,Non-BOT
91fbcf79-78e0-4e4e-8fbf-b587a8413108,2026-04-11,2,454.3,58.23%,Non-BOT
91fbcf79-78e0-4e4e-8fbf-b587a8413108,2026-04-12,7,415.6,84.63%,Non-BOT
91fbcf79-78e0-4e4e-8fbf-b587a8413108,2026-04-13,0,0.0,0.00%,Non-BOT
91fbcf79-78e0-4e4e-8fbf-b587a8413108,04/14/2026,0,0.0,0.00%,Non-BOT
91fbcf79-78e0-4e4e-8fbf-b587a8413108,04/15/2026,1,1126.6,85.17%,Non-BOT
91fbcf79-78e0-4e4e-8fbf-b587a8413108,04/16/2026,8,657.4,74.75%,Non-BOT
91fbcf79-78e0-4e4e-8fbf-b587a8413108,04/17/2026,0,0.0,0.00%,Non-BOT
91fbcf79-78e0-4e4e-8fbf-b587a8413108,04/18/2026,1,730.4,52.04%,Non-BOT
91fbcf79-78e0-4e4e-8fbf-b587a8413108,04/19/2026,0,0.0,0.00%,Non-BOT
91fbcf79-78e0-4e4e-8fbf-b587a8413108,04/20/2026,8,1124.4,82.81%,Non-BOT
91fbcf79-78e0-4e4e-8fbf-b587a8413108,04/21/2026,0,0.0,0.00%,Non-BOT
91fbcf79-78e0-4e4e-8fbf-b587a8413108,2026-04-22,3,930.5,55.39%,Non-BOT
91fbcf79-78e0-4e4e-8fbf-b587a8413108,04/23/2026,0,0.0,0.00%,Non-BOT
91fbcf79-78e0-4e4e-8fbf-b587a8413108,04/24/2026,0,0.0,0.00%,Non-BOT
91fbcf79-78e0-4e4e-8fbf-b587a8413108,04/25/2026,0,0.0,0.00%,Non-BOT
91fbcf79-78e0-4e4e-8fbf-b587a8413108,2026-04-26,0,0.0,0.00%,Non-BOT
91fbcf79-78e0-4e4e-8fbf-b587a8413108,04/27/2026,4,473.6,90.47%,Non-BOT
91fbcf79-78e0-4e4e-8fbf-b587a8413108,2026-04-28,0,0.0,0.00%,Non-BOT
91fbcf79-78e0-4e4e-8fbf-b587a8413108,04/29/2026,3,338.2,75.31%,Non-BOT
91fbcf79-78e0-4e4e-8fbf-b587a8413108,2026-04-30,5,1043.1,73.01%,Non-BOT
d701dfa2-9d28-4ea8-8afa-22e734522b2d,04/01/2026,0,0.0,0.00%,Suspect
d701dfa2-9d28-4ea8-8afa-22e734522b2d,04/02/2026,0,0.0,0.00%,Suspect
d701dfa2-9d28-4ea8-8afa-22e734522b2d,04/03/2026,0,0.0,0.00%,Suspect
d701dfa2-9d28-4ea8-8afa-22e734522b2d,2026-04-04,7,835.1,92.82%,Suspect
d701dfa2-9d28-4ea8-8afa-22e734522b2d,04/05/2026,4,784.0,89.66%,Suspect
d701dfa2-9d28-4ea8-8afa-22e734522b2d,04/06/2026,6,798.5,96.96%,Suspect
d701dfa2-9d28-4ea8-8afa-22e734522b2d,04/07/2026,7,791.2,88.71%,Suspect
d701dfa2-9d28-4ea8-8afa-22e734522b2d,2026-04-08,0,0.0,0.00%,Suspect
d701dfa2-9d28-4ea8-8afa-22e734522b2d,04/09/2026,0,0.0,0.00%,Suspect
d701dfa2-9d28-4ea8-8afa-22e734522b2d,04/10/2026,8,831.3,89.17%,Suspect
d701dfa2-9d28-4ea8-8afa-22e734522b2d,2026-04-11,6,827.0,94.40%,Suspect
d701dfa2-9d28-4ea8-8afa-22e734522b2d,2026-04-12,7,824.0,88.54%,Suspect
d701dfa2-9d28-4ea8-8afa-22e734522b2d,2026-04-13,9,839.9,99.12%,Suspect
d701dfa2-9d28-4ea8-8afa-22e734522b2d,04/14/2026,0,0.0,0.00%,Suspect
d701dfa2-9d28-4ea8-8afa-22e734522b2d,2026-04-15,0,0.0,0.00%,Suspect
d701dfa2-9d28-4ea8-8afa-22e734522b2d,2026-04-16,0,0.0,0.00%,Suspect
d701dfa2-9d28-4ea8-8afa-22e734522b2d,04/17/2026,10,832.3,98.39%,Suspect
d701dfa2-9d28-4ea8-8afa-22e734522b2d,04/18/2026,8,827.8,94.23%,Suspect
d701dfa2-9d28-4ea8-8afa-22e734522b2d,04/19/2026,6,800.1,90.02%,Suspect
d701dfa2-9d28-4ea8-8afa-22e734522b2d,2026-04-20,5,840.2,96.38%,Suspect
d701dfa2-9d28-4ea8-8afa-22e734522b2d,2026-04-21,3,808.2,94.35%,Suspect
d701dfa2-9d28-4ea8-8afa-22e734522b2d,04/22/2026,0,0.0,0.00%,Suspect
d701dfa2-9d28-4ea8-8afa-22e734522b2d,04/23/2026,7,782.8,93.32%,Suspect
d701dfa2-9d28-4ea8-8afa-22e734522b2d,2026-04-24,0,0.0,0.00%,Suspect
d701dfa2-9d28-4ea8-8afa-22e734522b2d,04/25/2026,0,0.0,0.00%,Suspect
d701dfa2-9d28-4ea8-8afa-22e734522b2d,04/26/2026,3,828.9,95.13%,Suspect
d701dfa2-9d28-4ea8-8afa-22e734522b2d,2026-04-27,7,811.9,94.53%,Suspect
d701dfa2-9d28-4ea8-8afa-22e734522b2d,04/28/2026,0,0.0,0.00%,Suspect
d701dfa2-9d28-4ea8-8afa-22e734522b2d,2026-04-29,0,0.0,0.00%,Suspect
d701dfa2-9d28-4ea8-8afa-22e734522b2d,04/30/2026,6,839.9,93.93%,Suspect
5b00318a-a079-4010-af86-1a11817f04ee,04/01/2026,0,0.0,0.00%,Suspect
5b00318a-a079-4010-af86-1a11817f04ee,04/02/2026,0,0.0,0.00%,Suspect
5b00318a-a079-4010-af86-1a11817f04ee,2026-04-03,3,720.6,91.94%,Suspect
5b00318a-a079-4010-af86-1a11817f04ee,04/04/2026,0,0.0,0.00%,Suspect
5b00318a-a079-4010-af86-1a11817f04ee,04/05/2026,0,0.0,0.00%,Suspect
5b00318a-a079-4010-af86-1a11817f04ee,2026-04-06,0,0.0,0.00%,Suspect
5b00318a-a079-4010-af86-1a11817f04ee,04/07/2026,3,754.6,91.66%,Suspect
5b00318a-a079-4010-af86-1a11817f04ee,2026-04-08,4,736.8,94.16%,Suspect
5b00318a-a079-4010-af86-1a11817f04ee,04/09/2026,0,0.0,0.00%,Suspect
5b00318a-a079-4010-af86-1a11817f04ee,2026-04-10,8,744.5,93.80%,Suspect
5b00318a-a079-4010-af86-1a11817f04ee,04/11/2026,7,767.6,90.19%,Suspect
5b00318a-a079-4010-af86-1a11817f04ee,04/12/2026,4,723.7,98.90%,Suspect
5b00318a-a079-4010-af86-1a11817f04ee,04/13/2026,3,751.3,90.40%,Suspect
5b00318a-a079-4010-af86-1a11817f04ee,2026-04-14,6,765.6,92.84%,Suspect
5b00318a-a079-4010-af86-1a11817f04ee,04/15/2026,0,0.0,0.00%,Suspect
5b00318a-a079-4010-af86-1a11817f04ee,04/16/2026,0,0.0,0.00%,Suspect
5b00318a-a079-4010-af86-1a11817f04ee,04/17/2026,0,0.0,0.00%,Suspect
5b00318a-a079-4010-af86-1a11817f04ee,04/18/2026,9,752.5,98.71%,Suspect
5b00318a-a079-4010-af86-1a11817f04ee,2026-04-19,0,0.0,0.00%,Suspect
5b00318a-a079-4010-af86-1a11817f04ee,2026-04-20,0,0.0,0.00%,Suspect
5b00318a-a079-4010-af86-1a11817f04ee,2026-04-21,8,716.0,88.84%,Suspect
5b00318a-a079-4010-af86-1a11817f04ee,2026-04-22,7,747.2,94.55%,Suspect
5b00318a-a079-4010-af86-1a11817f04ee,2026-04-23,0,0.0,0.00%,Suspect
5b00318a-a079-4010-af86-1a11817f04ee,2026-04-24,0,0.0,0.00%,Suspect
5b00318a-a079-4010-af86-1a11817f04ee,04/25/2026,9,739.7,88.19%,Suspect
5b00318a-a079-4010-af86-1a11817f04ee,04/26/2026,0,0.0,0.00%,Suspect
5b00318a-a079-4010-af86-1a11817f04ee,04/27/2026,0,0.0,0.00%,Suspect
5b00318a-a079-4010-af86-1a11817f04ee,04/28/2026,0,0.0,0.00%,Suspect
5b00318a-a079-4010-af86-1a11817f04ee,04/29/2026,3,755.7,88.83%,Suspect
5b00318a-a079-4010-af86-1a11817f04ee,2026-04-30,0,0.0,0.00%,Suspect
78ddb510-29c0-4626-b544-be97ff5d8413,04/01/2026,7,887.1,89.64%,Suspect
78ddb510-29c0-4626-b544-be97ff5d8413,04/02/2026,0,0.0,0.00%,Suspect
78ddb510-29c0-4626-b544-be97ff5d8413,04/03/2026,8,886.9,88.13%,Suspect
78ddb510-29c0-4626-b544-be97ff5d8413,2026-04-04,0,0.0,0.00%,Suspect
78ddb510-29c0-4626-b544-be97ff5d8413,04/05/2026,3,829.8,94.80%,Suspect
78ddb510-29c0-4626-b544-be97ff5d8413,04/06/2026,4,847.8,96.53%,Suspect
78ddb510-29c0-4626-b544-be97ff5d8413,04/07/2026,8,842.2,98.32%,Suspect
78ddb510-29c0-4626-b544-be97ff5d8413,04/08/2026,5,839.2,90.52%,Suspect
78ddb510-29c0-4626-b544-be97ff5d8413,2026-04-09,0,0.0,0.00%,Suspect
78ddb510-29c0-4626-b544-be97ff5d8413,2026-04-10,5,869.8,94.47%,Suspect
78ddb510-29c0-4626-b544-be97ff5d8413,04/11/2026,0,0.0,0.00%,Suspect
78ddb510-29c0-4626-b544-be97ff5d8413,04/12/2026,10,868.2,88.83%,Suspect
78ddb510-29c0-4626-b544-be97ff5d8413,2026-04-13,7,835.4,96.27%,Suspect
78ddb510-29c0-4626-b544-be97ff5d8413,2026-04-14,0,0.0,0.00%,Suspect
78ddb510-29c0-4626-b544-be97ff5d8413,2026-04-15,5,869.8,90.67%,Suspect
78ddb510-29c0-4626-b544-be97ff5d8413,2026-04-16,4,883.5,91.62%,Suspect
78ddb510-29c0-4626-b544-be97ff5d8413,04/17/2026,0,0.0,0.00%,Suspect
78ddb510-29c0-4626-b544-be97ff5d8413,04/18/2026,7,871.1,89.74%,Suspect
78ddb510-29c0-4626-b544-be97ff5d8413,04/19/2026,0,0.0,0.00%,Suspect
78ddb510-29c0-4626-b544-be97ff5d8413,04/20/2026,9,839.6,91.57%,Suspect
78ddb510-29c0-4626-b544-be97ff5d8413,04/21/2026,0,0.0,0.00%,Suspect
78ddb510-29c0-4626-b544-be97ff5d8413,04/22/2026,9,846.1,92.10%,Suspect
78ddb510-29c0-4626-b544-be97ff5d8413,2026-04-23,8,882.2,93.28%,Suspect
78ddb510-29c0-4626-b544-be97ff5d8413,2026-04-24,0,0.0,0.00%,Suspect
78ddb510-29c0-4626-b544-be97ff5d8413,04/25/2026,4,840.0,94.92%,Suspect
78ddb510-29c0-4626-b544-be97ff5d8413,04/26/2026,0,0.0,0.00%,Suspect
78ddb510-29c0-4626-b544-be97ff5d8413,2026-04-27,0,0.0,0.00%,Suspect
78ddb510-29c0-4626-b544-be97ff5d8413,04/28/2026,0,0.0,0.00%,Suspect
78ddb510-29c0-4626-b544-be97ff5d8413,04/29/2026,7,873.5,95.14%,Suspect
78ddb510-29c0-4626-b544-be97ff5d8413,04/30/2026,3,880.5,95.20%,Suspect
fb680a07-eaca-441b-ac01-62bbd16e481d,04/01/2026,0,0.0,0.00%,Suspect
fb680a07-eaca-441b-ac01-62bbd16e481d,2026-04-02,9,784.8,88.12%,Suspect
fb680a07-eaca-441b-ac01-62bbd16e481d,2026-04-03,5,808.4,89.60%,Suspect
fb680a07-eaca-441b-ac01-62bbd16e481d,04/04/2026,0,0.0,0.00%,Suspect
fb680a07-eaca-441b-ac01-62bbd16e481d,2026-04-05,5,807.1,93.51%,Suspect
fb680a07-eaca-441b-ac01-62bbd16e481d,2026-04-06,0,0.0,0.00%,Suspect
fb680a07-eaca-441b-ac01-62bbd16e481d,2026-04-07,10,776.8,91.01%,Suspect
fb680a07-eaca-441b-ac01-62bbd16e481d,2026-04-08,6,794.0,97.02%,Suspect
fb680a07-eaca-441b-ac01-62bbd16e481d,04/09/2026,10,815.8,88.45%,Suspect
fb680a07-eaca-441b-ac01-62bbd16e481d,04/10/2026,4,805.2,93.94%,Suspect
fb680a07-eaca-441b-ac01-62bbd16e481d,04/11/2026,0,0.0,0.00%,Suspect
fb680a07-eaca-441b-ac01-62bbd16e481d,2026-04-12,7,797.7,94.50%,Suspect
fb680a07-eaca-441b-ac01-62bbd16e481d,04/13/2026,9,784.9,95.45%,Suspect
fb680a07-eaca-441b-ac01-62bbd16e481d,04/14/2026,0,0.0,0.00%,Suspect
fb680a07-eaca-441b-ac01-62bbd16e481d,2026-04-15,0,0.0,0.00%,Suspect
fb680a07-eaca-441b-ac01-62bbd16e481d,04/16/2026,6,793.9,92.02%,Suspect
fb680a07-eaca-441b-ac01-62bbd16e481d,2026-04-17,0,0.0,0.00%,Suspect
fb680a07-eaca-441b-ac01-62bbd16e481d,04/18/2026,10,816.2,88.08%,Suspect
fb680a07-eaca-441b-ac01-62bbd16e481d,04/19/2026,10,772.9,88.88%,Suspect
fb680a07-eaca-441b-ac01-62bbd16e481d,2026-04-20,0,0.0,0.00%,Suspect
fb680a07-eaca-441b-ac01-62bbd16e481d,2026-04-21,0,0.0,0.00%,Suspect
fb680a07-eaca-441b-ac01-62bbd16e481d,2026-04-22,0,0.0,0.00%,Suspect
fb680a07-eaca-441b-ac01-62bbd16e481d,2026-04-23,4,802.6,92.73%,Suspect
fb680a07-eaca-441b-ac01-62bbd16e481d,2026-04-24,0,0.0,0.00%,Suspect
fb680a07-eaca-441b-ac01-62bbd16e481d,04/25/2026,10,791.7,94.74%,Suspect
fb680a07-eaca-441b-ac01-62bbd16e481d,2026-04-26,0,0.0,0.00%,Suspect
fb680a07-eaca-441b-ac01-62bbd16e481d,2026-04-27,0,0.0,0.00%,Suspect
fb680a07-eaca-441b-ac01-62bbd16e481d,2026-04-28,0,0.0,0.00%,Suspect
fb680a07-eaca-441b-ac01-62bbd16e481d,04/29/2026,5,771.0,93.84%,Suspect
fb680a07-eaca-441b-ac01-62bbd16e481d,2026-04-30,5,766.3,90.94%,Suspect
b6a5012d-0438-494e-98bb-9c6c4b9978d6,2026-04-01,5,883.7,97.35%,Suspect
b6a5012d-0438-494e-98bb-9c6c4b9978d6,04/02/2026,0,0.0,0.00%,Suspect
b6a5012d-0438-494e-98bb-9c6c4b9978d6,04/03/2026,7,846.1,95.82%,Suspect
b6a5012d-0438-494e-98bb-9c6c4b9978d6,04/04/2026,0,0.0,0.00%,Suspect
b6a5012d-0438-494e-98bb-9c6c4b9978d6,2026-04-05,0,0.0,0.00%,Suspect
b6a5012d-0438-494e-98bb-9c6c4b9978d6,2026-04-06,9,859.2,89.24%,Suspect
b6a5012d-0438-494e-98bb-9c6c4b9978d6,2026-04-07,9,885.7,94.90%,Suspect
b6a5012d-0438-494e-98bb-9c6c4b9978d6,04/08/2026,3,888.7,94.06%,Suspect
b6a5012d-0438-494e-98bb-9c6c4b9978d6,2026-04-09,0,0.0,0.00%,Suspect
b6a5012d-0438-494e-98bb-9c6c4b9978d6,2026-04-10,5,890.2,94.15%,Suspect
b6a5012d-0438-494e-98bb-9c6c4b9978d6,04/11/2026,0,0.0,0.00%,Suspect
b6a5012d-0438-494e-98bb-9c6c4b9978d6,04/12/2026,0,0.0,0.00%,Suspect
b6a5012d-0438-494e-98bb-9c6c4b9978d6,2026-04-13,0,0.0,0.00%,Suspect
b6a5012d-0438-494e-98bb-9c6c4b9978d6,2026-04-14,0,0.0,0.00%,Suspect
b6a5012d-0438-494e-98bb-9c6c4b9978d6,04/15/2026,3,877.9,92.89%,Suspect
b6a5012d-0438-494e-98bb-9c6c4b9978d6,04/16/2026,10,883.4,92.35%,Suspect
b6a5012d-0438-494e-98bb-9c6c4b9978d6,04/17/2026,0,0.0,0.00%,Suspect
b6a5012d-0438-494e-98bb-9c6c4b9978d6,04/18/2026,0,0.0,0.00%,Suspect
b6a5012d-0438-494e-98bb-9c6c4b9978d6,04/19/2026,4,861.6,90.90%,Suspect
b6a5012d-0438-494e-98bb-9c6c4b9978d6,2026-04-20,4,853.1,98.00%,Suspect
b6a5012d-0438-494e-98bb-9c6c4b9978d6,2026-04-21,6,836.4,96.48%,Suspect
b6a5012d-0438-494e-98bb-9c6c4b9978d6,2026-04-22,4,867.3,92.28%,Suspect
b6a5012d-0438-494e-98bb-9c6c4b9978d6,04/23/2026,0,0.0,0.00%,Suspect
b6a5012d-0438-494e-98bb-9c6c4b9978d6,04/24/2026,9,857.8,89.76%,Suspect
b6a5012d-0438-494e-98bb-9c6c4b9978d6,2026-04-25,0,0.0,0.00%,Suspect
b6a5012d-0438-494e-98bb-9c6c4b9978d6,04/26/2026,9,870.0,94.98%,Suspect
b6a5012d-0438-494e-98bb-9c6c4b9978d6,2026-04-27,0,0.0,0.00%,Suspect
b6a5012d-0438-494e-98bb-9c6c4b9978d6,2026-04-28,0,0.0,0.00%,Suspect
b6a5012d-0438-494e-98bb-9c6c4b9978d6,2026-04-29,10,846.8,94.37%,Suspect
b6a5012d-0438-494e-98bb-9c6c4b9978d6,04/30/2026,0,0.0,0.00%,Suspect
e263dc15-7f39-4ce8-bb5b-a736ffd9caf7,04/01/2026,0,0.0,0.00%,Suspect
e263dc15-7f39-4ce8-bb5b-a736ffd9caf7,04/02/2026,0,0.0,0.00%,Suspect
e263dc15-7f39-4ce8-bb5b-a736ffd9caf7,04/03/2026,0,0.0,0.00%,Suspect
e263dc15-7f39-4ce8-bb5b-a736ffd9caf7,04/04/2026,5,761.0,95.25%,Suspect
e263dc15-7f39-4ce8-bb5b-a736ffd9caf7,2026-04-05,5,766.0,94.84%,Suspect
e263dc15-7f39-4ce8-bb5b-a736ffd9caf7,2026-04-06,7,751.0,88.91%,Suspect
e263dc15-7f39-4ce8-bb5b-a736ffd9caf7,04/07/2026,9,793.5,92.57%,Suspect
e263dc15-7f39-4ce8-bb5b-a736ffd9caf7,04/08/2026,7,780.4,94.81%,Suspect
e263dc15-7f39-4ce8-bb5b-a736ffd9caf7,04/09/2026,0,0.0,0.00%,Suspect
e263dc15-7f39-4ce8-bb5b-a736ffd9caf7,04/10/2026,0,0.0,0.00%,Suspect
e263dc15-7f39-4ce8-bb5b-a736ffd9caf7,2026-04-11,0,0.0,0.00%,Suspect
e263dc15-7f39-4ce8-bb5b-a736ffd9caf7,04/12/2026,6,788.7,98.61%,Suspect
e263dc15-7f39-4ce8-bb5b-a736ffd9caf7,04/13/2026,6,739.7,94.83%,Suspect
e263dc15-7f39-4ce8-bb5b-a736ffd9caf7,2026-04-14,0,0.0,0.00%,Suspect
e263dc15-7f39-4ce8-bb5b-a736ffd9caf7,04/15/2026,5,778.1,92.10%,Suspect
e263dc15-7f39-4ce8-bb5b-a736ffd9caf7,2026-04-16,5,742.9,91.15%,Suspect
e263dc15-7f39-4ce8-bb5b-a736ffd9caf7,2026-04-17,9,762.0,90.28%,Suspect
e263dc15-7f39-4ce8-bb5b-a736ffd9caf7,04/18/2026,0,0.0,0.00%,Suspect
e263dc15-7f39-4ce8-bb5b-a736ffd9caf7,04/19/2026,0,0.0,0.00%,Suspect
e263dc15-7f39-4ce8-bb5b-a736ffd9caf7,04/20/2026,0,0.0,0.00%,Suspect
e263dc15-7f39-4ce8-bb5b-a736ffd9caf7,04/21/2026,0,0.0,0.00%,Suspect
e263dc15-7f39-4ce8-bb5b-a736ffd9caf7,2026-04-22,8,758.5,97.30%,Suspect
e263dc15-7f39-4ce8-bb5b-a736ffd9caf7,2026-04-23,6,765.0,92.61%,Suspect
e263dc15-7f39-4ce8-bb5b-a736ffd9caf7,2026-04-24,5,762.1,89.21%,Suspect
e263dc15-7f39-4ce8-bb5b-a736ffd9caf7,04/25/2026,7,758.1,89.33%,Suspect
e263dc15-7f39-4ce8-bb5b-a736ffd9caf7,2026-04-26,0,0.0,0.00%,Suspect
e263dc15-7f39-4ce8-bb5b-a736ffd9caf7,04/27/2026,7,779.3,99.01%,Suspect
e263dc15-7f39-4ce8-bb5b-a736ffd9caf7,2026-04-28,6,783.1,98.96%,Suspect
e263dc15-7f39-4ce8-bb5b-a736ffd9caf7,2026-04-29,0,0.0,0.00%,Suspect
e263dc15-7f39-4ce8-bb5b-a736ffd9caf7,04/30/2026,0,0.0,0.00%,Suspect
7b8abede-31e7-4a98-8cd1-01b0f45b315b,2026-04-01,0,0.0,0.00%,Suspect
7b8abede-31e7-4a98-8cd1-01b0f45b315b,04/02/2026,0,0.0,0.00%,Suspect
7b8abede-31e7-4a98-8cd1-01b0f45b315b,04/03/2026,6,790.5,92.55%,Suspect
7b8abede-31e7-4a98-8cd1-01b0f45b315b,2026-04-04,8,777.9,98.62%,Suspect
7b8abede-31e7-4a98-8cd1-01b0f45b315b,2026-04-05,0,0.0,0.00%,Suspect
7b8abede-31e7-4a98-8cd1-01b0f45b315b,04/06/2026,0,0.0,0.00%,Suspect
7b8abede-31e7-4a98-8cd1-01b0f45b315b,2026-04-07,0,0.0,0.00%,Suspect
7b8abede-31e7-4a98-8cd1-01b0f45b315b,04/08/2026,6,803.2,90.28%,Suspect
7b8abede-31e7-4a98-8cd1-01b0f45b315b,2026-04-09,7,785.7,90.31%,Suspect
7b8abede-31e7-4a98-8cd1-01b0f45b315b,04/10/2026,0,0.0,0.00%,Suspect
7b8abede-31e7-4a98-8cd1-01b0f45b315b,2026-04-11,5,820.0,89.37%,Suspect
7b8abede-31e7-4a98-8cd1-01b0f45b315b,04/12/2026,10,810.1,96.71%,Suspect
7b8abede-31e7-4a98-8cd1-01b0f45b315b,2026-04-13,3,824.2,92.23%,Suspect
7b8abede-31e7-4a98-8cd1-01b0f45b315b,04/14/2026,7,802.7,99.22%,Suspect
7b8abede-31e7-4a98-8cd1-01b0f45b315b,2026-04-15,0,0.0,0.00%,Suspect
7b8abede-31e7-4a98-8cd1-01b0f45b315b,04/16/2026,6,818.3,89.46%,Suspect
7b8abede-31e7-4a98-8cd1-01b0f45b315b,2026-04-17,0,0.0,0.00%,Suspect
7b8abede-31e7-4a98-8cd1-01b0f45b315b,04/18/2026,0,0.0,0.00%,Suspect
7b8abede-31e7-4a98-8cd1-01b0f45b315b,2026-04-19,0,0.0,0.00%,Suspect
7b8abede-31e7-4a98-8cd1-01b0f45b315b,2026-04-20,0,0.0,0.00%,Suspect
7b8abede-31e7-4a98-8cd1-01b0f45b315b,04/21/2026,5,800.7,89.37%,Suspect
7b8abede-31e7-4a98-8cd1-01b0f45b315b,2026-04-22,8,814.7,88.13%,Suspect
7b8abede-31e7-4a98-8cd1-01b0f45b315b,04/23/2026,0,0.0,0.00%,Suspect
7b8abede-31e7-4a98-8cd1-01b0f45b315b,2026-04-24,8,795.0,97.82%,Suspect
7b8abede-31e7-4a98-8cd1-01b0f45b315b,2026-04-25,0,0.0,0.00%,Suspect
7b8abede-31e7-4a98-8cd1-01b0f45b315b,2026-04-26,0,0.0,0.00%,Suspect
7b8abede-31e7-4a98-8cd1-01b0f45b315b,04/27/2026,0,0.0,0.00%,Suspect
7b8abede-31e7-4a98-8cd1-01b0f45b315b,2026-04-28,0,0.0,0.00%,Suspect
7b8abede-31e7-4a98-8cd1-01b0f45b315b,2026-04-29,0,0.0,0.00%,Suspect
7b8abede-31e7-4a98-8cd1-01b0f45b315b,2026-04-30,0,0.0,0.00%,Suspect
0411fcbb-c757-42b1-9afa-e61d84697000,04/01/2026,0,0.0,0.00%,Suspect
0411fcbb-c757-42b1-9afa-e61d84697000,2026-04-02,0,0.0,0.00%,Suspect
0411fcbb-c757-42b1-9afa-e61d84697000,04/03/2026,0,0.0,0.00%,Suspect
0411fcbb-c757-42b1-9afa-e61d84697000,2026-04-04,5,809.4,88.11%,Suspect
0411fcbb-c757-42b1-9afa-e61d84697000,04/05/2026,5,840.8,97.68%,Suspect
0411fcbb-c757-42b1-9afa-e61d84697000,04/06/2026,8,828.2,91.42%,Suspect
0411fcbb-c757-42b1-9afa-e61d84697000,04/07/2026,0,0.0,0.00%,Suspect
0411fcbb-c757-42b1-9afa-e61d84697000,2026-04-08,9,787.0,89.86%,Suspect
0411fcbb-c757-42b1-9afa-e61d84697000,2026-04-09,7,809.7,95.18%,Suspect
0411fcbb-c757-42b1-9afa-e61d84697000,2026-04-10,0,0.0,0.00%,Suspect
0411fcbb-c757-42b1-9afa-e61d84697000,2026-04-11,0,0.0,0.00%,Suspect
0411fcbb-c757-42b1-9afa-e61d84697000,2026-04-12,7,801.7,92.69%,Suspect
0411fcbb-c757-42b1-9afa-e61d84697000,04/13/2026,6,815.7,95.41%,Suspect
0411fcbb-c757-42b1-9afa-e61d84697000,04/14/2026,0,0.0,0.00%,Suspect
0411fcbb-c757-42b1-9afa-e61d84697000,2026-04-15,7,802.4,95.67%,Suspect
0411fcbb-c757-42b1-9afa-e61d84697000,04/16/2026,0,0.0,0.00%,Suspect
0411fcbb-c757-42b1-9afa-e61d84697000,04/17/2026,0,0.0,0.00%,Suspect
0411fcbb-c757-42b1-9afa-e61d84697000,2026-04-18,0,0.0,0.00%,Suspect
0411fcbb-c757-42b1-9afa-e61d84697000,04/19/2026,7,808.9,98.91%,Suspect
0411fcbb-c757-42b1-9afa-e61d84697000,2026-04-20,8,806.4,94.98%,Suspect
0411fcbb-c757-42b1-9afa-e61d84697000,04/21/2026,0,0.0,0.00%,Suspect
0411fcbb-c757-42b1-9afa-e61d84697000,2026-04-22,4,790.8,90.60%,Suspect
0411fcbb-c757-42b1-9afa-e61d84697000,2026-04-23,7,823.7,94.90%,Suspect
0411fcbb-c757-42b1-9afa-e61d84697000,04/24/2026,0,0.0,0.00%,Suspect
0411fcbb-c757-42b1-9afa-e61d84697000,2026-04-25,8,825.9,93.94%,Suspect
0411fcbb-c757-42b1-9afa-e61d84697000,2026-04-26,0,0.0,0.00%,Suspect
0411fcbb-c757-42b1-9afa-e61d84697000,04/27/2026,0,0.0,0.00%,Suspect
0411fcbb-c757-42b1-9afa-e61d84697000,04/28/2026,5,824.7,95.55%,Suspect
0411fcbb-c757-42b1-9afa-e61d84697000,2026-04-29,4,793.7,92.53%,Suspect
0411fcbb-c757-42b1-9afa-e61d84697000,04/30/2026,0,0.0,0.00%,Suspect
08ac2a9c-1b93-4a85-a7bb-19a848e2f45d,04/01/2026,7,746.1,89.44%,Suspect
08ac2a9c-1b93-4a85-a7bb-19a848e2f45d,04/02/2026,5,721.2,95.56%,Suspect
08ac2a9c-1b93-4a85-a7bb-19a848e2f45d,04/03/2026,8,771.3,93.33%,Suspect
08ac2a9c-1b93-4a85-a7bb-19a848e2f45d,04/04/2026,7,752.4,89.54%,Suspect
08ac2a9c-1b93-4a85-a7bb-19a848e2f45d,04/05/2026,5,754.9,93.20%,Suspect
08ac2a9c-1b93-4a85-a7bb-19a848e2f45d,04/06/2026,0,0.0,0.00%,Suspect
08ac2a9c-1b93-4a85-a7bb-19a848e2f45d,2026-04-07,0,0.0,0.00%,Suspect
08ac2a9c-1b93-4a85-a7bb-19a848e2f45d,2026-04-08,7,774.0,93.49%,Suspect
08ac2a9c-1b93-4a85-a7bb-19a848e2f45d,2026-04-09,4,746.0,92.17%,Suspect
08ac2a9c-1b93-4a85-a7bb-19a848e2f45d,04/10/2026,7,720.1,93.97%,Suspect
08ac2a9c-1b93-4a85-a7bb-19a848e2f45d,2026-04-11,0,0.0,0.00%,Suspect
08ac2a9c-1b93-4a85-a7bb-19a848e2f45d,2026-04-12,0,0.0,0.00%,Suspect
08ac2a9c-1b93-4a85-a7bb-19a848e2f45d,04/13/2026,3,760.7,93.61%,Suspect
08ac2a9c-1b93-4a85-a7bb-19a848e2f45d,2026-04-14,0,0.0,0.00%,Suspect
08ac2a9c-1b93-4a85-a7bb-19a848e2f45d,04/15/2026,0,0.0,0.00%,Suspect
08ac2a9c-1b93-4a85-a7bb-19a848e2f45d,04/16/2026,0,0.0,0.00%,Suspect
08ac2a9c-1b93-4a85-a7bb-19a848e2f45d,2026-04-17,6,767.3,94.25%,Suspect
08ac2a9c-1b93-4a85-a7bb-19a848e2f45d,04/18/2026,9,743.2,89.86%,Suspect
08ac2a9c-1b93-4a85-a7bb-19a848e2f45d,2026-04-19,0,0.0,0.00%,Suspect
08ac2a9c-1b93-4a85-a7bb-19a848e2f45d,04/20/2026,9,732.7,88.90%,Suspect
08ac2a9c-1b93-4a85-a7bb-19a848e2f45d,04/21/2026,0,0.0,0.00%,Suspect
08ac2a9c-1b93-4a85-a7bb-19a848e2f45d,04/22/2026,0,0.0,0.00%,Suspect
08ac2a9c-1b93-4a85-a7bb-19a848e2f45d,04/23/2026,0,0.0,0.00%,Suspect
08ac2a9c-1b93-4a85-a7bb-19a848e2f45d,04/24/2026,7,736.6,96.47%,Suspect
08ac2a9c-1b93-4a85-a7bb-19a848e2f45d,2026-04-25,9,730.8,88.78%,Suspect
08ac2a9c-1b93-4a85-a7bb-19a848e2f45d,2026-04-26,4,757.7,95.04%,Suspect
08ac2a9c-1b93-4a85-a7bb-19a848e2f45d,04/27/2026,0,0.0,0.00%,Suspect
08ac2a9c-1b93-4a85-a7bb-19a848e2f45d,2026-04-28,0,0.0,0.00%,Suspect
08ac2a9c-1b93-4a85-a7bb-19a848e2f45d,2026-04-29,0,0.0,0.00%,Suspect
08ac2a9c-1b93-4a85-a7bb-19a848e2f45d,2026-04-30,0,0.0,0.00%,Suspect
2c64f0e8-9558-4121-82eb-7b4b1f00e651,04/01/2026,10,813.9,93.29%,Suspect
2c64f0e8-9558-4121-82eb-7b4b1f00e651,2026-04-02,0,0.0,0.00%,Suspect
2c64f0e8-9558-4121-82eb-7b4b1f00e651,2026-04-03,5,757.4,96.84%,Suspect
2c64f0e8-9558-4121-82eb-7b4b1f00e651,2026-04-04,10,764.9,98.21%,Suspect
2c64f0e8-9558-4121-82eb-7b4b1f00e651,04/05/2026,9,803.7,89.39%,Suspect
2c64f0e8-9558-4121-82eb-7b4b1f00e651,2026-04-06,6,777.1,99.11%,Suspect
2c64f0e8-9558-4121-82eb-7b4b1f00e651,2026-04-07,3,766.0,96.38%,Suspect
2c64f0e8-9558-4121-82eb-7b4b1f00e651,2026-04-08,6,782.4,95.77%,Suspect
2c64f0e8-9558-4121-82eb-7b4b1f00e651,04/09/2026,8,763.6,96.30%,Suspect
2c64f0e8-9558-4121-82eb-7b4b1f00e651,2026-04-10,4,769.2,95.28%,Suspect
2c64f0e8-9558-4121-82eb-7b4b1f00e651,04/11/2026,0,0.0,0.00%,Suspect
2c64f0e8-9558-4121-82eb-7b4b1f00e651,04/12/2026,0,0.0,0.00%,Suspect
2c64f0e8-9558-4121-82eb-7b4b1f00e651,2026-04-13,0,0.0,0.00%,Suspect
2c64f0e8-9558-4121-82eb-7b4b1f00e651,2026-04-14,0,0.0,0.00%,Suspect
2c64f0e8-9558-4121-82eb-7b4b1f00e651,2026-04-15,9,773.5,89.91%,Suspect
2c64f0e8-9558-4121-82eb-7b4b1f00e651,04/16/2026,4,777.8,90.77%,Suspect
2c64f0e8-9558-4121-82eb-7b4b1f00e651,04/17/2026,0,0.0,0.00%,Suspect
2c64f0e8-9558-4121-82eb-7b4b1f00e651,04/18/2026,0,0.0,0.00%,Suspect
2c64f0e8-9558-4121-82eb-7b4b1f00e651,04/19/2026,0,0.0,0.00%,Suspect
2c64f0e8-9558-4121-82eb-7b4b1f00e651,2026-04-20,0,0.0,0.00%,Suspect
2c64f0e8-9558-4121-82eb-7b4b1f00e651,04/21/2026,0,0.0,0.00%,Suspect
2c64f0e8-9558-4121-82eb-7b4b1f00e651,04/22/2026,6,763.5,89.04%,Suspect
2c64f0e8-9558-4121-82eb-7b4b1f00e651,04/23/2026,3,757.6,95.35%,Suspect
2c64f0e8-9558-4121-82eb-7b4b1f00e651,04/24/2026,0,0.0,0.00%,Suspect
2c64f0e8-9558-4121-82eb-7b4b1f00e651,04/25/2026,5,783.3,91.61%,Suspect
2c64f0e8-9558-4121-82eb-7b4b1f00e651,04/26/2026,0,0.0,0.00%,Suspect
2c64f0e8-9558-4121-82eb-7b4b1f00e651,2026-04-27,0,0.0,0.00%,Suspect
2c64f0e8-9558-4121-82eb-7b4b1f00e651,04/28/2026,0,0.0,0.00%,Suspect
2c64f0e8-9558-4121-82eb-7b4b1f00e651,04/29/2026,6,755.3,92.31%,Suspect
2c64f0e8-9558-4121-82eb-7b4b1f00e651,2026-04-30,7,808.0,93.53%,Suspect
6ab35211-dd49-40af-afc7-ea9e5486773f,2026-04-01,0,0.0,0.00%,Suspect
6ab35211-dd49-40af-afc7-ea9e5486773f,04/02/2026,0,0.0,0.00%,Suspect
6ab35211-dd49-40af-afc7-ea9e5486773f,04/03/2026,8,803.5,96.85%,Suspect
6ab35211-dd49-40af-afc7-ea9e5486773f,04/04/2026,0,0.0,0.00%,Suspect
6ab35211-dd49-40af-afc7-ea9e5486773f,04/05/2026,0,0.0,0.00%,Suspect
6ab35211-dd49-40af-afc7-ea9e5486773f,04/06/2026,8,822.8,90.72%,Suspect
6ab35211-dd49-40af-afc7-ea9e5486773f,04/07/2026,9,787.6,95.79%,Suspect
6ab35211-dd49-40af-afc7-ea9e5486773f,2026-04-08,0,0.0,0.00%,Suspect
6ab35211-dd49-40af-afc7-ea9e5486773f,2026-04-09,7,795.6,95.31%,Suspect
6ab35211-dd49-40af-afc7-ea9e5486773f,04/10/2026,0,0.0,0.00%,Suspect
6ab35211-dd49-40af-afc7-ea9e5486773f,2026-04-11,4,778.9,98.69%,Suspect
6ab35211-dd49-40af-afc7-ea9e5486773f,2026-04-12,3,788.4,93.53%,Suspect
6ab35211-dd49-40af-afc7-ea9e5486773f,04/13/2026,0,0.0,0.00%,Suspect
6ab35211-dd49-40af-afc7-ea9e5486773f,04/14/2026,0,0.0,0.00%,Suspect
6ab35211-dd49-40af-afc7-ea9e5486773f,2026-04-15,10,807.8,95.99%,Suspect
6ab35211-dd49-40af-afc7-ea9e5486773f,2026-04-16,8,789.5,96.18%,Suspect
6ab35211-dd49-40af-afc7-ea9e5486773f,04/17/2026,0,0.0,0.00%,Suspect
6ab35211-dd49-40af-afc7-ea9e5486773f,2026-04-18,10,831.9,97.49%,Suspect
6ab35211-dd49-40af-afc7-ea9e5486773f,04/19/2026,3,797.9,96.48%,Suspect
6ab35211-dd49-40af-afc7-ea9e5486773f,04/20/2026,0,0.0,0.00%,Suspect
6ab35211-dd49-40af-afc7-ea9e5486773f,04/21/2026,0,0.0,0.00%,Suspect
6ab35211-dd49-40af-afc7-ea9e5486773f,2026-04-22,0,0.0,0.00%,Suspect
6ab35211-dd49-40af-afc7-ea9e5486773f,04/23/2026,7,808.0,96.37%,Suspect
6ab35211-dd49-40af-afc7-ea9e5486773f,2026-04-24,4,832.9,98.95%,Suspect
6ab35211-dd49-40af-afc7-ea9e5486773f,04/25/2026,6,808.1,90.16%,Suspect
6ab35211-dd49-40af-afc7-ea9e5486773f,2026-04-26,0,0.0,0.00%,Suspect
6ab35211-dd49-40af-afc7-ea9e5486773f,04/27/2026,0,0.0,0.00%,Suspect
6ab35211-dd49-40af-afc7-ea9e5486773f,2026-04-28,0,0.0,0.00%,Suspect
6ab35211-dd49-40af-afc7-ea9e5486773f,04/29/2026,0,0.0,0.00%,Suspect
6ab35211-dd49-40af-afc7-ea9e5486773f,04/30/2026,9,821.0,96.74%,Suspect
427d7646-2376-469f-b7fc-ea576259e8c0,04/01/2026,0,0.0,0.00%,Suspect
427d7646-2376-469f-b7fc-ea576259e8c0,04/02/2026,0,0.0,0.00%,Suspect
427d7646-2376-469f-b7fc-ea576259e8c0,2026-04-03,0,0.0,0.00%,Suspect
427d7646-2376-469f-b7fc-ea576259e8c0,2026-04-04,9,829.6,91.69%,Suspect
427d7646-2376-469f-b7fc-ea576259e8c0,04/05/2026,0,0.0,0.00%,Suspect
427d7646-2376-469f-b7fc-ea576259e8c0,2026-04-06,9,826.0,98.56%,Suspect
427d7646-2376-469f-b7fc-ea576259e8c0,04/07/2026,0,0.0,0.00%,Suspect
427d7646-2376-469f-b7fc-ea576259e8c0,2026-04-08,0,0.0,0.00%,Suspect
427d7646-2376-469f-b7fc-ea576259e8c0,2026-04-09,0,0.0,0.00%,Suspect
427d7646-2376-469f-b7fc-ea576259e8c0,04/10/2026,0,0.0,0.00%,Suspect
427d7646-2376-469f-b7fc-ea576259e8c0,04/11/2026,7,815.8,93.90%,Suspect
427d7646-2376-469f-b7fc-ea576259e8c0,2026-04-12,7,780.4,99.22%,Suspect
427d7646-2376-469f-b7fc-ea576259e8c0,04/13/2026,8,781.3,97.37%,Suspect
427d7646-2376-469f-b7fc-ea576259e8c0,04/14/2026,7,835.2,93.83%,Suspect
427d7646-2376-469f-b7fc-ea576259e8c0,2026-04-15,5,785.7,93.25%,Suspect
427d7646-2376-469f-b7fc-ea576259e8c0,2026-04-16,0,0.0,0.00%,Suspect
427d7646-2376-469f-b7fc-ea576259e8c0,2026-04-17,6,794.0,97.25%,Suspect
427d7646-2376-469f-b7fc-ea576259e8c0,2026-04-18,9,814.2,90.48%,Suspect
427d7646-2376-469f-b7fc-ea576259e8c0,04/19/2026,8,827.6,89.97%,Suspect
427d7646-2376-469f-b7fc-ea576259e8c0,04/20/2026,0,0.0,0.00%,Suspect
427d7646-2376-469f-b7fc-ea576259e8c0,04/21/2026,4,815.7,91.42%,Suspect
427d7646-2376-469f-b7fc-ea576259e8c0,04/22/2026,9,784.7,88.64%,Suspect
427d7646-2376-469f-b7fc-ea576259e8c0,04/23/2026,8,832.8,92.95%,Suspect
427d7646-2376-469f-b7fc-ea576259e8c0,04/24/2026,4,832.2,90.58%,Suspect
427d7646-2376-469f-b7fc-ea576259e8c0,2026-04-25,3,818.0,95.21%,Suspect
427d7646-2376-469f-b7fc-ea576259e8c0,04/26/2026,0,0.0,0.00%,Suspect
427d7646-2376-469f-b7fc-ea576259e8c0,2026-04-27,0,0.0,0.00%,Suspect
427d7646-2376-469f-b7fc-ea576259e8c0,04/28/2026,0,0.0,0.00%,Suspect
427d7646-2376-469f-b7fc-ea576259e8c0,2026-04-29,8,810.2,90.52%,Suspect
427d7646-2376-469f-b7fc-ea576259e8c0,04/30/2026,9,838.3,96.58%,Suspect
79965f60-34db-4d32-b021-88eee0059c6e,2026-04-01,0,0.0,0.00%,Suspect
79965f60-34db-4d32-b021-88eee0059c6e,2026-04-02,9,809.7,96.82%,Suspect
79965f60-34db-4d32-b021-88eee0059c6e,2026-04-03,5,808.5,90.26%,Suspect
79965f60-34db-4d32-b021-88eee0059c6e,04/04/2026,0,0.0,0.00%,Suspect
79965f60-34db-4d32-b021-88eee0059c6e,2026-04-05,6,794.2,91.04%,Suspect
79965f60-34db-4d32-b021-88eee0059c6e,04/06/2026,0,0.0,0.00%,Suspect
79965f60-34db-4d32-b021-88eee0059c6e,04/07/2026,0,0.0,0.00%,Suspect
79965f60-34db-4d32-b021-88eee0059c6e,2026-04-08,4,819.9,92.83%,Suspect
79965f60-34db-4d32-b021-88eee0059c6e,2026-04-09,0,0.0,0.00%,Suspect
79965f60-34db-4d32-b021-88eee0059c6e,2026-04-10,3,825.8,89.93%,Suspect
79965f60-34db-4d32-b021-88eee0059c6e,04/11/2026,10,817.0,93.02%,Suspect
79965f60-34db-4d32-b021-88eee0059c6e,2026-04-12,0,0.0,0.00%,Suspect
79965f60-34db-4d32-b021-88eee0059c6e,2026-04-13,8,789.0,96.30%,Suspect
79965f60-34db-4d32-b021-88eee0059c6e,2026-04-14,3,794.2,95.08%,Suspect
79965f60-34db-4d32-b021-88eee0059c6e,04/15/2026,0,0.0,0.00%,Suspect
79965f60-34db-4d32-b021-88eee0059c6e,2026-04-16,7,780.5,95.91%,Suspect
79965f60-34db-4d32-b021-88eee0059c6e,2026-04-17,0,0.0,0.00%,Suspect
79965f60-34db-4d32-b021-88eee0059c6e,2026-04-18,0,0.0,0.00%,Suspect
79965f60-34db-4d32-b021-88eee0059c6e,04/19/2026,6,824.0,90.42%,Suspect
79965f60-34db-4d32-b021-88eee0059c6e,04/20/2026,0,0.0,0.00%,Suspect
79965f60-34db-4d32-b021-88eee0059c6e,04/21/2026,0,0.0,0.00%,Suspect
79965f60-34db-4d32-b021-88eee0059c6e,04/22/2026,0,0.0,0.00%,Suspect
79965f60-34db-4d32-b021-88eee0059c6e,04/23/2026,0,0.0,0.00%,Suspect
79965f60-34db-4d32-b021-88eee0059c6e,04/24/2026,0,0.0,0.00%,Suspect
79965f60-34db-4d32-b021-88eee0059c6e,04/25/2026,3,802.2,98.33%,Suspect
79965f60-34db-4d32-b021-88eee0059c6e,04/26/2026,7,789.8,91.24%,Suspect
79965f60-34db-4d32-b021-88eee0059c6e,04/27/2026,0,0.0,0.00%,Suspect
79965f60-34db-4d32-b021-88eee0059c6e,2026-04-28,0,0.0,0.00%,Suspect
79965f60-34db-4d32-b021-88eee0059c6e,04/29/2026,0,0.0,0.00%,Suspect
79965f60-34db-4d32-b021-88eee0059c6e,2026-04-30,0,0.0,0.00%,Suspect
d3dca341-4ef3-4347-a681-033d28e2d875,2026-04-01,4,778.1,93.71%,Suspect
d3dca341-4ef3-4347-a681-033d28e2d875,04/02/2026,0,0.0,0.00%,Suspect
d3dca341-4ef3-4347-a681-033d28e2d875,2026-04-03,0,0.0,0.00%,Suspect
d3dca341-4ef3-4347-a681-033d28e2d875,2026-04-04,6,822.3,91.48%,Suspect
d3dca341-4ef3-4347-a681-033d28e2d875,04/05/2026,0,0.0,0.00%,Suspect
d3dca341-4ef3-4347-a681-033d28e2d875,2026-04-06,0,0.0,0.00%,Suspect
d3dca341-4ef3-4347-a681-033d28e2d875,04/07/2026,0,0.0,0.00%,Suspect
d3dca341-4ef3-4347-a681-033d28e2d875,04/08/2026,8,804.4,90.69%,Suspect
d3dca341-4ef3-4347-a681-033d28e2d875,04/09/2026,7,815.6,95.13%,Suspect
d3dca341-4ef3-4347-a681-033d28e2d875,2026-04-10,3,823.6,98.82%,Suspect
d3dca341-4ef3-4347-a681-033d28e2d875,2026-04-11,8,820.8,95.49%,Suspect
d3dca341-4ef3-4347-a681-033d28e2d875,04/12/2026,9,798.2,95.73%,Suspect
d3dca341-4ef3-4347-a681-033d28e2d875,2026-04-13,6,792.0,94.53%,Suspect
d3dca341-4ef3-4347-a681-033d28e2d875,2026-04-14,0,0.0,0.00%,Suspect
d3dca341-4ef3-4347-a681-033d28e2d875,04/15/2026,0,0.0,0.00%,Suspect
d3dca341-4ef3-4347-a681-033d28e2d875,2026-04-16,0,0.0,0.00%,Suspect
d3dca341-4ef3-4347-a681-033d28e2d875,04/17/2026,5,779.3,89.58%,Suspect
d3dca341-4ef3-4347-a681-033d28e2d875,04/18/2026,0,0.0,0.00%,Suspect
d3dca341-4ef3-4347-a681-033d28e2d875,04/19/2026,0,0.0,0.00%,Suspect
d3dca341-4ef3-4347-a681-033d28e2d875,2026-04-20,0,0.0,0.00%,Suspect
d3dca341-4ef3-4347-a681-033d28e2d875,04/21/2026,5,792.7,98.36%,Suspect
d3dca341-4ef3-4347-a681-033d28e2d875,04/22/2026,5,786.0,94.35%,Suspect
d3dca341-4ef3-4347-a681-033d28e2d875,2026-04-23,0,0.0,0.00%,Suspect
d3dca341-4ef3-4347-a681-033d28e2d875,2026-04-24,0,0.0,0.00%,Suspect
d3dca341-4ef3-4347-a681-033d28e2d875,04/25/2026,5,810.6,96.73%,Suspect
d3dca341-4ef3-4347-a681-033d28e2d875,2026-04-26,0,0.0,0.00%,Suspect
d3dca341-4ef3-4347-a681-033d28e2d875,04/27/2026,9,785.1,96.50%,Suspect
d3dca341-4ef3-4347-a681-033d28e2d875,2026-04-28,7,776.0,90.14%,Suspect
d3dca341-4ef3-4347-a681-033d28e2d875,2026-04-29,0,0.0,0.00%,Suspect
d3dca341-4ef3-4347-a681-033d28e2d875,04/30/2026,7,803.3,94.98%,Suspect
3041b9cb-8f1d-4721-9d63-3cbc63fa6ee1,2026-04-01,10,868.9,89.87%,Suspect
3041b9cb-8f1d-4721-9d63-3cbc63fa6ee1,2026-04-02,0,0.0,0.00%,Suspect
3041b9cb-8f1d-4721-9d63-3cbc63fa6ee1,2026-04-03,3,896.0,98.83%,Suspect
3041b9cb-8f1d-4721-9d63-3cbc63fa6ee1,04/04/2026,0,0.0,0.00%,Suspect
3041b9cb-8f1d-4721-9d63-3cbc63fa6ee1,04/05/2026,6,885.9,88.75%,Suspect
3041b9cb-8f1d-4721-9d63-3cbc63fa6ee1,2026-04-06,10,892.5,93.59%,Suspect
3041b9cb-8f1d-4721-9d63-3cbc63fa6ee1,2026-04-07,0,0.0,0.00%,Suspect
3041b9cb-8f1d-4721-9d63-3cbc63fa6ee1,2026-04-08,0,0.0,0.00%,Suspect
3041b9cb-8f1d-4721-9d63-3cbc63fa6ee1,2026-04-09,0,0.0,0.00%,Suspect
3041b9cb-8f1d-4721-9d63-3cbc63fa6ee1,2026-04-10,0,0.0,0.00%,Suspect
3041b9cb-8f1d-4721-9d63-3cbc63fa6ee1,04/11/2026,0,0.0,0.00%,Suspect
3041b9cb-8f1d-4721-9d63-3cbc63fa6ee1,04/12/2026,9,883.6,92.49%,Suspect
3041b9cb-8f1d-4721-9d63-3cbc63fa6ee1,04/13/2026,0,0.0,0.00%,Suspect
3041b9cb-8f1d-4721-9d63-3cbc63fa6ee1,04/14/2026,0,0.0,0.00%,Suspect
3041b9cb-8f1d-4721-9d63-3cbc63fa6ee1,04/15/2026,0,0.0,0.00%,Suspect
3041b9cb-8f1d-4721-9d63-3cbc63fa6ee1,04/16/2026,3,871.7,93.15%,Suspect
3041b9cb-8f1d-4721-9d63-3cbc63fa6ee1,04/17/2026,3,893.1,90.80%,Suspect
3041b9cb-8f1d-4721-9d63-3cbc63fa6ee1,04/18/2026,0,0.0,0.00%,Suspect
3041b9cb-8f1d-4721-9d63-3cbc63fa6ee1,2026-04-19,0,0.0,0.00%,Suspect
3041b9cb-8f1d-4721-9d63-3cbc63fa6ee1,2026-04-20,9,871.4,95.19%,Suspect
3041b9cb-8f1d-4721-9d63-3cbc63fa6ee1,2026-04-21,0,0.0,0.00%,Suspect
3041b9cb-8f1d-4721-9d63-3cbc63fa6ee1,2026-04-22,9,893.5,96.82%,Suspect
3041b9cb-8f1d-4721-9d63-3cbc63fa6ee1,2026-04-23,5,865.8,94.99%,Suspect
3041b9cb-8f1d-4721-9d63-3cbc63fa6ee1,2026-04-24,5,868.2,95.37%,Suspect
3041b9cb-8f1d-4721-9d63-3cbc63fa6ee1,04/25/2026,4,851.2,94.67%,Suspect
3041b9cb-8f1d-4721-9d63-3cbc63fa6ee1,04/26/2026,0,0.0,0.00%,Suspect
3041b9cb-8f1d-4721-9d63-3cbc63fa6ee1,2026-04-27,0,0.0,0.00%,Suspect
3041b9cb-8f1d-4721-9d63-3cbc63fa6ee1,04/28/2026,8,867.5,90.04%,Suspect
3041b9cb-8f1d-4721-9d63-3cbc63fa6ee1,04/29/2026,0,0.0,0.00%,Suspect
3041b9cb-8f1d-4721-9d63-3cbc63fa6ee1,2026-04-30,0,0.0,0.00%,Suspect
c12ea15d-5bd0-46eb-9a89-7d2c481bf444,2026-04-01,0,0.0,0.00%,Prospect
c12ea15d-5bd0-46eb-9a89-7d2c481bf444,2026-04-02,0,0.0,0.00%,Prospect
c12ea15d-5bd0-46eb-9a89-7d2c481bf444,04/03/2026,3,351.2,84.15%,Prospect
c12ea15d-5bd0-46eb-9a89-7d2c481bf444,04/04/2026,5,667.2,73.20%,Prospect
c12ea15d-5bd0-46eb-9a89-7d2c481bf444,2026-04-05,0,0.0,0.00%,Prospect
c12ea15d-5bd0-46eb-9a89-7d2c481bf444,04/06/2026,2,847.4,81.31%,Prospect
c12ea15d-5bd0-46eb-9a89-7d2c481bf444,2026-04-07,0,0.0,0.00%,Prospect
c12ea15d-5bd0-46eb-9a89-7d2c481bf444,04/08/2026,0,0.0,0.00%,Prospect
c12ea15d-5bd0-46eb-9a89-7d2c481bf444,2026-04-09,2,761.5,71.03%,Prospect
c12ea15d-5bd0-46eb-9a89-7d2c481bf444,04/10/2026,0,0.0,0.00%,Prospect
c12ea15d-5bd0-46eb-9a89-7d2c481bf444,04/11/2026,4,473.3,73.61%,Prospect
c12ea15d-5bd0-46eb-9a89-7d2c481bf444,04/12/2026,0,0.0,0.00%,Prospect
c12ea15d-5bd0-46eb-9a89-7d2c481bf444,2026-04-13,0,0.0,0.00%,Prospect
c12ea15d-5bd0-46eb-9a89-7d2c481bf444,04/14/2026,0,0.0,0.00%,Prospect
c12ea15d-5bd0-46eb-9a89-7d2c481bf444,2026-04-15,0,0.0,0.00%,Prospect
c12ea15d-5bd0-46eb-9a89-7d2c481bf444,2026-04-16,0,0.0,0.00%,Prospect
c12ea15d-5bd0-46eb-9a89-7d2c481bf444,2026-04-17,0,0.0,0.00%,Prospect
c12ea15d-5bd0-46eb-9a89-7d2c481bf444,04/18/2026,0,0.0,0.00%,Prospect
c12ea15d-5bd0-46eb-9a89-7d2c481bf444,04/19/2026,0,0.0,0.00%,Prospect
c12ea15d-5bd0-46eb-9a89-7d2c481bf444,2026-04-20,0,0.0,0.00%,Prospect
c12ea15d-5bd0-46eb-9a89-7d2c481bf444,2026-04-21,2,653.3,79.51%,Prospect
c12ea15d-5bd0-46eb-9a89-7d2c481bf444,2026-04-22,0,0.0,0.00%,Prospect
c12ea15d-5bd0-46eb-9a89-7d2c481bf444,2026-04-23,5,303.9,87.64%,Prospect
c12ea15d-5bd0-46eb-9a89-7d2c481bf444,04/24/2026,0,0.0,0.00%,Prospect
c12ea15d-5bd0-46eb-9a89-7d2c481bf444,04/25/2026,2,329.4,72.97%,Prospect
c12ea15d-5bd0-46eb-9a89-7d2c481bf444,2026-04-26,0,0.0,0.00%,Prospect
c12ea15d-5bd0-46eb-9a89-7d2c481bf444,2026-04-27,1,700.2,86.76%,Prospect
c12ea15d-5bd0-46eb-9a89-7d2c481bf444,04/28/2026,0,0.0,0.00%,Prospect
c12ea15d-5bd0-46eb-9a89-7d2c481bf444,2026-04-29,0,0.0,0.00%,Prospect
c12ea15d-5bd0-46eb-9a89-7d2c481bf444,2026-04-30,4,896.2,73.23%,Prospect
f18e952e-0b07-4aac-9931-c25ad46b2c33,2026-04-01,0,0.0,0.00%,Prospect
f18e952e-0b07-4aac-9931-c25ad46b2c33,04/02/2026,0,0.0,0.00%,Prospect
f18e952e-0b07-4aac-9931-c25ad46b2c33,2026-04-03,0,0.0,0.00%,Prospect
f18e952e-0b07-4aac-9931-c25ad46b2c33,04/04/2026,0,0.0,0.00%,Prospect
f18e952e-0b07-4aac-9931-c25ad46b2c33,04/05/2026,0,0.0,0.00%,Prospect
f18e952e-0b07-4aac-9931-c25ad46b2c33,04/06/2026,0,0.0,0.00%,Prospect
f18e952e-0b07-4aac-9931-c25ad46b2c33,04/07/2026,0,0.0,0.00%,Prospect
f18e952e-0b07-4aac-9931-c25ad46b2c33,2026-04-08,0,0.0,0.00%,Prospect
f18e952e-0b07-4aac-9931-c25ad46b2c33,2026-04-09,0,0.0,0.00%,Prospect
f18e952e-0b07-4aac-9931-c25ad46b2c33,2026-04-10,0,0.0,0.00%,Prospect
f18e952e-0b07-4aac-9931-c25ad46b2c33,04/11/2026,0,0.0,0.00%,Prospect
f18e952e-0b07-4aac-9931-c25ad46b2c33,04/12/2026,3,616.2,80.49%,Prospect
f18e952e-0b07-4aac-9931-c25ad46b2c33,04/13/2026,0,0.0,0.00%,Prospect
f18e952e-0b07-4aac-9931-c25ad46b2c33,2026-04-14,0,0.0,0.00%,Prospect
f18e952e-0b07-4aac-9931-c25ad46b2c33,2026-04-15,6,887.6,80.58%,Prospect
f18e952e-0b07-4aac-9931-c25ad46b2c33,04/16/2026,0,0.0,0.00%,Prospect
f18e952e-0b07-4aac-9931-c25ad46b2c33,04/17/2026,0,0.0,0.00%,Prospect
f18e952e-0b07-4aac-9931-c25ad46b2c33,04/18/2026,0,0.0,0.00%,Prospect
f18e952e-0b07-4aac-9931-c25ad46b2c33,2026-04-19,6,472.3,82.18%,Prospect
f18e952e-0b07-4aac-9931-c25ad46b2c33,04/20/2026,0,0.0,0.00%,Prospect
f18e952e-0b07-4aac-9931-c25ad46b2c33,04/21/2026,0,0.0,0.00%,Prospect
f18e952e-0b07-4aac-9931-c25ad46b2c33,2026-04-22,0,0.0,0.00%,Prospect
f18e952e-0b07-4aac-9931-c25ad46b2c33,2026-04-23,0,0.0,0.00%,Prospect
f18e952e-0b07-4aac-9931-c25ad46b2c33,2026-04-24,5,597.8,84.58%,Prospect
f18e952e-0b07-4aac-9931-c25ad46b2c33,04/25/2026,0,0.0,0.00%,Prospect
f18e952e-0b07-4aac-9931-c25ad46b2c33,04/26/2026,0,0.0,0.00%,Prospect
f18e952e-0b07-4aac-9931-c25ad46b2c33,2026-04-27,0,0.0,0.00%,Prospect
f18e952e-0b07-4aac-9931-c25ad46b2c33,2026-04-28,0,0.0,0.00%,Prospect
f18e952e-0b07-4aac-9931-c25ad46b2c33,2026-04-29,0,0.0,0.00%,Prospect
f18e952e-0b07-4aac-9931-c25ad46b2c33,2026-04-30,1,314.4,82.51%,Prospect
69f4e39c-0769-44c7-8bad-99700065b6f2,2026-04-01,0,0.0,0.00%,Prospect
69f4e39c-0769-44c7-8bad-99700065b6f2,04/02/2026,6,427.4,82.81%,Prospect
69f4e39c-0769-44c7-8bad-99700065b6f2,2026-04-03,0,0.0,0.00%,Prospect
69f4e39c-0769-44c7-8bad-99700065b6f2,2026-04-04,0,0.0,0.00%,Prospect
69f4e39c-0769-44c7-8bad-99700065b6f2,2026-04-05,0,0.0,0.00%,Prospect
69f4e39c-0769-44c7-8bad-99700065b6f2,04/06/2026,0,0.0,0.00%,Prospect
69f4e39c-0769-44c7-8bad-99700065b6f2,04/07/2026,0,0.0,0.00%,Prospect
69f4e39c-0769-44c7-8bad-99700065b6f2,2026-04-08,0,0.0,0.00%,Prospect
69f4e39c-0769-44c7-8bad-99700065b6f2,2026-04-09,0,0.0,0.00%,Prospect
69f4e39c-0769-44c7-8bad-99700065b6f2,2026-04-10,0,0.0,0.00%,Prospect
69f4e39c-0769-44c7-8bad-99700065b6f2,2026-04-11,5,669.6,70.58%,Prospect
69f4e39c-0769-44c7-8bad-99700065b6f2,2026-04-12,0,0.0,0.00%,Prospect
69f4e39c-0769-44c7-8bad-99700065b6f2,2026-04-13,0,0.0,0.00%,Prospect
69f4e39c-0769-44c7-8bad-99700065b6f2,2026-04-14,6,587.5,79.49%,Prospect
69f4e39c-0769-44c7-8bad-99700065b6f2,2026-04-15,0,0.0,0.00%,Prospect
69f4e39c-0769-44c7-8bad-99700065b6f2,2026-04-16,0,0.0,0.00%,Prospect
69f4e39c-0769-44c7-8bad-99700065b6f2,2026-04-17,0,0.0,0.00%,Prospect
69f4e39c-0769-44c7-8bad-99700065b6f2,04/18/2026,0,0.0,0.00%,Prospect
69f4e39c-0769-44c7-8bad-99700065b6f2,04/19/2026,0,0.0,0.00%,Prospect
69f4e39c-0769-44c7-8bad-99700065b6f2,04/20/2026,4,770.4,78.28%,Prospect
69f4e39c-0769-44c7-8bad-99700065b6f2,04/21/2026,0,0.0,0.00%,Prospect
69f4e39c-0769-44c7-8bad-99700065b6f2,2026-04-22,0,0.0,0.00%,Prospect
69f4e39c-0769-44c7-8bad-99700065b6f2,04/23/2026,0,0.0,0.00%,Prospect
69f4e39c-0769-44c7-8bad-99700065b6f2,2026-04-24,0,0.0,0.00%,Prospect
69f4e39c-0769-44c7-8bad-99700065b6f2,04/25/2026,0,0.0,0.00%,Prospect
69f4e39c-0769-44c7-8bad-99700065b6f2,04/26/2026,2,646.4,76.63%,Prospect
69f4e39c-0769-44c7-8bad-99700065b6f2,04/27/2026,0,0.0,0.00%,Prospect
69f4e39c-0769-44c7-8bad-99700065b6f2,2026-04-28,1,881.8,75.61%,Prospect
69f4e39c-0769-44c7-8bad-99700065b6f2,04/29/2026,0,0.0,0.00%,Prospect
69f4e39c-0769-44c7-8bad-99700065b6f2,04/30/2026,0,0.0,0.00%,Prospect
0a8b71a5-f606-43dc-b9d3-bef286721bde,04/01/2026,0,0.0,0.00%,Prospect
0a8b71a5-f606-43dc-b9d3-bef286721bde,04/02/2026,0,0.0,0.00%,Prospect
0a8b71a5-f606-43dc-b9d3-bef286721bde,04/03/2026,0,0.0,0.00%,Prospect
0a8b71a5-f606-43dc-b9d3-bef286721bde,2026-04-04,3,725.9,75.43%,Prospect
0a8b71a5-f606-43dc-b9d3-bef286721bde,04/05/2026,0,0.0,0.00%,Prospect
0a8b71a5-f606-43dc-b9d3-bef286721bde,2026-04-06,3,571.1,89.01%,Prospect
0a8b71a5-f606-43dc-b9d3-bef286721bde,2026-04-07,0,0.0,0.00%,Prospect
0a8b71a5-f606-43dc-b9d3-bef286721bde,2026-04-08,0,0.0,0.00%,Prospect
0a8b71a5-f606-43dc-b9d3-bef286721bde,04/09/2026,0,0.0,0.00%,Prospect
0a8b71a5-f606-43dc-b9d3-bef286721bde,04/10/2026,0,0.0,0.00%,Prospect
0a8b71a5-f606-43dc-b9d3-bef286721bde,04/11/2026,0,0.0,0.00%,Prospect
0a8b71a5-f606-43dc-b9d3-bef286721bde,2026-04-12,0,0.0,0.00%,Prospect
0a8b71a5-f606-43dc-b9d3-bef286721bde,2026-04-13,1,779.4,88.10%,Prospect
0a8b71a5-f606-43dc-b9d3-bef286721bde,2026-04-14,0,0.0,0.00%,Prospect
0a8b71a5-f606-43dc-b9d3-bef286721bde,2026-04-15,0,0.0,0.00%,Prospect
0a8b71a5-f606-43dc-b9d3-bef286721bde,04/16/2026,0,0.0,0.00%,Prospect
0a8b71a5-f606-43dc-b9d3-bef286721bde,2026-04-17,0,0.0,0.00%,Prospect
0a8b71a5-f606-43dc-b9d3-bef286721bde,2026-04-18,0,0.0,0.00%,Prospect
0a8b71a5-f606-43dc-b9d3-bef286721bde,04/19/2026,1,793.3,88.76%,Prospect
0a8b71a5-f606-43dc-b9d3-bef286721bde,2026-04-20,2,423.1,70.73%,Prospect
0a8b71a5-f606-43dc-b9d3-bef286721bde,04/21/2026,0,0.0,0.00%,Prospect
0a8b71a5-f606-43dc-b9d3-bef286721bde,2026-04-22,0,0.0,0.00%,Prospect
0a8b71a5-f606-43dc-b9d3-bef286721bde,2026-04-23,0,0.0,0.00%,Prospect
0a8b71a5-f606-43dc-b9d3-bef286721bde,2026-04-24,0,0.0,0.00%,Prospect
0a8b71a5-f606-43dc-b9d3-bef286721bde,04/25/2026,0,0.0,0.00%,Prospect
0a8b71a5-f606-43dc-b9d3-bef286721bde,04/26/2026,0,0.0,0.00%,Prospect
0a8b71a5-f606-43dc-b9d3-bef286721bde,2026-04-27,0,0.0,0.00%,Prospect
0a8b71a5-f606-43dc-b9d3-bef286721bde,04/28/2026,0,0.0,0.00%,Prospect
0a8b71a5-f606-43dc-b9d3-bef286721bde,2026-04-29,0,0.0,0.00%,Prospect
0a8b71a5-f606-43dc-b9d3-bef286721bde,04/30/2026,0,0.0,0.00%,Prospect
5de99506-84ed-4282-a00f-c9b2361a1626,2026-04-01,2,415.5,75.53%,Prospect
5de99506-84ed-4282-a00f-c9b2361a1626,2026-04-02,0,0.0,0.00%,Prospect
5de99506-84ed-4282-a00f-c9b2361a1626,2026-04-03,0,0.0,0.00%,Prospect
5de99506-84ed-4282-a00f-c9b2361a1626,2026-04-04,0,0.0,0.00%,Prospect
5de99506-84ed-4282-a00f-c9b2361a1626,2026-04-05,0,0.0,0.00%,Prospect
5de99506-84ed-4282-a00f-c9b2361a1626,2026-04-06,0,0.0,0.00%,Prospect
5de99506-84ed-4282-a00f-c9b2361a1626,04/07/2026,5,635.8,72.05%,Prospect
5de99506-84ed-4282-a00f-c9b2361a1626,04/08/2026,0,0.0,0.00%,Prospect
5de99506-84ed-4282-a00f-c9b2361a1626,2026-04-09,0,0.0,0.00%,Prospect
5de99506-84ed-4282-a00f-c9b2361a1626,2026-04-10,6,782.4,81.48%,Prospect
5de99506-84ed-4282-a00f-c9b2361a1626,2026-04-11,3,668.0,76.77%,Prospect
5de99506-84ed-4282-a00f-c9b2361a1626,2026-04-12,0,0.0,0.00%,Prospect
5de99506-84ed-4282-a00f-c9b2361a1626,2026-04-13,0,0.0,0.00%,Prospect
5de99506-84ed-4282-a00f-c9b2361a1626,04/14/2026,0,0.0,0.00%,Prospect
5de99506-84ed-4282-a00f-c9b2361a1626,2026-04-15,0,0.0,0.00%,Prospect
5de99506-84ed-4282-a00f-c9b2361a1626,2026-04-16,0,0.0,0.00%,Prospect
5de99506-84ed-4282-a00f-c9b2361a1626,2026-04-17,0,0.0,0.00%,Prospect
5de99506-84ed-4282-a00f-c9b2361a1626,2026-04-18,0,0.0,0.00%,Prospect
5de99506-84ed-4282-a00f-c9b2361a1626,04/19/2026,5,834.8,82.59%,Prospect
5de99506-84ed-4282-a00f-c9b2361a1626,2026-04-20,0,0.0,0.00%,Prospect
5de99506-84ed-4282-a00f-c9b2361a1626,04/21/2026,3,487.5,86.35%,Prospect
5de99506-84ed-4282-a00f-c9b2361a1626,04/22/2026,0,0.0,0.00%,Prospect
5de99506-84ed-4282-a00f-c9b2361a1626,04/23/2026,0,0.0,0.00%,Prospect
5de99506-84ed-4282-a00f-c9b2361a1626,04/24/2026,0,0.0,0.00%,Prospect
5de99506-84ed-4282-a00f-c9b2361a1626,04/25/2026,4,640.7,71.86%,Prospect
5de99506-84ed-4282-a00f-c9b2361a1626,04/26/2026,0,0.0,0.00%,Prospect
5de99506-84ed-4282-a00f-c9b2361a1626,2026-04-27,0,0.0,0.00%,Prospect
5de99506-84ed-4282-a00f-c9b2361a1626,2026-04-28,0,0.0,0.00%,Prospect
5de99506-84ed-4282-a00f-c9b2361a1626,04/29/2026,0,0.0,0.00%,Prospect
5de99506-84ed-4282-a00f-c9b2361a1626,04/30/2026,0,0.0,0.00%,Prospect
d35e1a17-65ac-4aac-9169-807b3f3ea3e5,04/01/2026,0,0.0,0.00%,Prospect
d35e1a17-65ac-4aac-9169-807b3f3ea3e5,04/02/2026,0,0.0,0.00%,Prospect
d35e1a17-65ac-4aac-9169-807b3f3ea3e5,2026-04-03,0,0.0,0.00%,Prospect
d35e1a17-65ac-4aac-9169-807b3f3ea3e5,2026-04-04,0,0.0,0.00%,Prospect
d35e1a17-65ac-4aac-9169-807b3f3ea3e5,04/05/2026,4,367.7,79.57%,Prospect
d35e1a17-65ac-4aac-9169-807b3f3ea3e5,2026-04-06,3,760.8,82.09%,Prospect
d35e1a17-65ac-4aac-9169-807b3f3ea3e5,2026-04-07,0,0.0,0.00%,Prospect
d35e1a17-65ac-4aac-9169-807b3f3ea3e5,04/08/2026,6,778.1,76.52%,Prospect
d35e1a17-65ac-4aac-9169-807b3f3ea3e5,2026-04-09,3,619.6,78.02%,Prospect
d35e1a17-65ac-4aac-9169-807b3f3ea3e5,04/10/2026,0,0.0,0.00%,Prospect
d35e1a17-65ac-4aac-9169-807b3f3ea3e5,2026-04-11,5,395.4,79.65%,Prospect
d35e1a17-65ac-4aac-9169-807b3f3ea3e5,04/12/2026,2,788.3,81.82%,Prospect
d35e1a17-65ac-4aac-9169-807b3f3ea3e5,04/13/2026,4,640.3,76.84%,Prospect
d35e1a17-65ac-4aac-9169-807b3f3ea3e5,2026-04-14,0,0.0,0.00%,Prospect
d35e1a17-65ac-4aac-9169-807b3f3ea3e5,04/15/2026,0,0.0,0.00%,Prospect
d35e1a17-65ac-4aac-9169-807b3f3ea3e5,04/16/2026,0,0.0,0.00%,Prospect
d35e1a17-65ac-4aac-9169-807b3f3ea3e5,04/17/2026,0,0.0,0.00%,Prospect
d35e1a17-65ac-4aac-9169-807b3f3ea3e5,04/18/2026,0,0.0,0.00%,Prospect
d35e1a17-65ac-4aac-9169-807b3f3ea3e5,2026-04-19,0,0.0,0.00%,Prospect
d35e1a17-65ac-4aac-9169-807b3f3ea3e5,04/20/2026,5,577.7,81.10%,Prospect
d35e1a17-65ac-4aac-9169-807b3f3ea3e5,2026-04-21,0,0.0,0.00%,Prospect
d35e1a17-65ac-4aac-9169-807b3f3ea3e5,04/22/2026,4,341.8,72.17%,Prospect
d35e1a17-65ac-4aac-9169-807b3f3ea3e5,04/23/2026,0,0.0,0.00%,Prospect
d35e1a17-65ac-4aac-9169-807b3f3ea3e5,2026-04-24,0,0.0,0.00%,Prospect
d35e1a17-65ac-4aac-9169-807b3f3ea3e5,2026-04-25,0,0.0,0.00%,Prospect
d35e1a17-65ac-4aac-9169-807b3f3ea3e5,04/26/2026,0,0.0,0.00%,Prospect
d35e1a17-65ac-4aac-9169-807b3f3ea3e5,2026-04-27,0,0.0,0.00%,Prospect
d35e1a17-65ac-4aac-9169-807b3f3ea3e5,04/28/2026,0,0.0,0.00%,Prospect
d35e1a17-65ac-4aac-9169-807b3f3ea3e5,04/29/2026,0,0.0,0.00%,Prospect
d35e1a17-65ac-4aac-9169-807b3f3ea3e5,04/30/2026,6,785.9,85.14%,Prospect
bb9a90d8-556c-4f72-959c-801c60a0d568,2026-04-01,0,0.0,0.00%,Prospect
bb9a90d8-556c-4f72-959c-801c60a0d568,04/02/2026,0,0.0,0.00%,Prospect
bb9a90d8-556c-4f72-959c-801c60a0d568,04/03/2026,0,0.0,0.00%,Prospect
bb9a90d8-556c-4f72-959c-801c60a0d568,04/04/2026,0,0.0,0.00%,Prospect
bb9a90d8-556c-4f72-959c-801c60a0d568,04/05/2026,0,0.0,0.00%,Prospect
bb9a90d8-556c-4f72-959c-801c60a0d568,04/06/2026,0,0.0,0.00%,Prospect
bb9a90d8-556c-4f72-959c-801c60a0d568,04/07/2026,3,894.2,81.65%,Prospect
bb9a90d8-556c-4f72-959c-801c60a0d568,04/08/2026,0,0.0,0.00%,Prospect
bb9a90d8-556c-4f72-959c-801c60a0d568,04/09/2026,0,0.0,0.00%,Prospect
bb9a90d8-556c-4f72-959c-801c60a0d568,04/10/2026,3,337.4,88.02%,Prospect
bb9a90d8-556c-4f72-959c-801c60a0d568,2026-04-11,1,722.0,86.42%,Prospect
bb9a90d8-556c-4f72-959c-801c60a0d568,04/12/2026,0,0.0,0.00%,Prospect
bb9a90d8-556c-4f72-959c-801c60a0d568,2026-04-13,1,441.1,84.04%,Prospect
bb9a90d8-556c-4f72-959c-801c60a0d568,2026-04-14,0,0.0,0.00%,Prospect
bb9a90d8-556c-4f72-959c-801c60a0d568,2026-04-15,4,543.6,78.70%,Prospect
bb9a90d8-556c-4f72-959c-801c60a0d568,2026-04-16,0,0.0,0.00%,Prospect
bb9a90d8-556c-4f72-959c-801c60a0d568,2026-04-17,0,0.0,0.00%,Prospect
bb9a90d8-556c-4f72-959c-801c60a0d568,04/18/2026,5,530.8,88.49%,Prospect
bb9a90d8-556c-4f72-959c-801c60a0d568,2026-04-19,2,473.1,87.45%,Prospect
bb9a90d8-556c-4f72-959c-801c60a0d568,04/20/2026,1,343.0,70.31%,Prospect
bb9a90d8-556c-4f72-959c-801c60a0d568,2026-04-21,0,0.0,0.00%,Prospect
bb9a90d8-556c-4f72-959c-801c60a0d568,2026-04-22,4,885.0,72.72%,Prospect
bb9a90d8-556c-4f72-959c-801c60a0d568,04/23/2026,0,0.0,0.00%,Prospect
bb9a90d8-556c-4f72-959c-801c60a0d568,04/24/2026,4,836.1,83.91%,Prospect
bb9a90d8-556c-4f72-959c-801c60a0d568,04/25/2026,0,0.0,0.00%,Prospect
bb9a90d8-556c-4f72-959c-801c60a0d568,2026-04-26,0,0.0,0.00%,Prospect
bb9a90d8-556c-4f72-959c-801c60a0d568,2026-04-27,0,0.0,0.00%,Prospect
bb9a90d8-556c-4f72-959c-801c60a0d568,04/28/2026,0,0.0,0.00%,Prospect
bb9a90d8-556c-4f72-959c-801c60a0d568,2026-04-29,0,0.0,0.00%,Prospect
bb9a90d8-556c-4f72-959c-801c60a0d568,2026-04-30,0,0.0,0.00%,Prospect
bf99656a-86f1-4271-b707-91b4e838bbfe,2026-04-01,4,855.9,81.53%,Prospect
bf99656a-86f1-4271-b707-91b4e838bbfe,2026-04-02,0,0.0,0.00%,Prospect
bf99656a-86f1-4271-b707-91b4e838bbfe,2026-04-03,0,0.0,0.00%,Prospect
bf99656a-86f1-4271-b707-91b4e838bbfe,2026-04-04,0,0.0,0.00%,Prospect
bf99656a-86f1-4271-b707-91b4e838bbfe,04/05/2026,0,0.0,0.00%,Prospect
bf99656a-86f1-4271-b707-91b4e838bbfe,04/06/2026,0,0.0,0.00%,Prospect
bf99656a-86f1-4271-b707-91b4e838bbfe,2026-04-07,0,0.0,0.00%,Prospect
bf99656a-86f1-4271-b707-91b4e838bbfe,04/08/2026,6,738.8,89.67%,Prospect
bf99656a-86f1-4271-b707-91b4e838bbfe,04/09/2026,3,579.0,71.56%,Prospect
bf99656a-86f1-4271-b707-91b4e838bbfe,2026-04-10,0,0.0,0.00%,Prospect
bf99656a-86f1-4271-b707-91b4e838bbfe,2026-04-11,0,0.0,0.00%,Prospect
bf99656a-86f1-4271-b707-91b4e838bbfe,04/12/2026,0,0.0,0.00%,Prospect
bf99656a-86f1-4271-b707-91b4e838bbfe,04/13/2026,0,0.0,0.00%,Prospect
bf99656a-86f1-4271-b707-91b4e838bbfe,2026-04-14,0,0.0,0.00%,Prospect
bf99656a-86f1-4271-b707-91b4e838bbfe,04/15/2026,0,0.0,0.00%,Prospect
bf99656a-86f1-4271-b707-91b4e838bbfe,2026-04-16,5,487.5,71.06%,Prospect
bf99656a-86f1-4271-b707-91b4e838bbfe,2026-04-17,1,581.3,80.25%,Prospect
bf99656a-86f1-4271-b707-91b4e838bbfe,04/18/2026,0,0.0,0.00%,Prospect
bf99656a-86f1-4271-b707-91b4e838bbfe,2026-04-19,4,511.7,89.56%,Prospect
bf99656a-86f1-4271-b707-91b4e838bbfe,04/20/2026,2,321.2,88.46%,Prospect
bf99656a-86f1-4271-b707-91b4e838bbfe,04/21/2026,0,0.0,0.00%,Prospect
bf99656a-86f1-4271-b707-91b4e838bbfe,04/22/2026,0,0.0,0.00%,Prospect
bf99656a-86f1-4271-b707-91b4e838bbfe,04/23/2026,1,677.6,81.56%,Prospect
bf99656a-86f1-4271-b707-91b4e838bbfe,04/24/2026,6,894.2,86.18%,Prospect
bf99656a-86f1-4271-b707-91b4e838bbfe,2026-04-25,0,0.0,0.00%,Prospect
bf99656a-86f1-4271-b707-91b4e838bbfe,2026-04-26,0,0.0,0.00%,Prospect
bf99656a-86f1-4271-b707-91b4e838bbfe,04/27/2026,0,0.0,0.00%,Prospect
bf99656a-86f1-4271-b707-91b4e838bbfe,04/28/2026,0,0.0,0.00%,Prospect
bf99656a-86f1-4271-b707-91b4e838bbfe,2026-04-29,0,0.0,0.00%,Prospect
bf99656a-86f1-4271-b707-91b4e838bbfe,2026-04-30,0,0.0,0.00%,Prospect
23f91b85-6e34-4cae-ab4c-053f7f272d47,04/01/2026,2,846.1,84.78%,Prospect
23f91b85-6e34-4cae-ab4c-053f7f272d47,2026-04-02,0,0.0,0.00%,Prospect
23f91b85-6e34-4cae-ab4c-053f7f272d47,2026-04-03,0,0.0,0.00%,Prospect
23f91b85-6e34-4cae-ab4c-053f7f272d47,04/04/2026,6,441.7,73.62%,Prospect
23f91b85-6e34-4cae-ab4c-053f7f272d47,2026-04-05,0,0.0,0.00%,Prospect
23f91b85-6e34-4cae-ab4c-053f7f272d47,04/06/2026,0,0.0,0.00%,Prospect
23f91b85-6e34-4cae-ab4c-053f7f272d47,04/07/2026,0,0.0,0.00%,Prospect
23f91b85-6e34-4cae-ab4c-053f7f272d47,04/08/2026,0,0.0,0.00%,Prospect
23f91b85-6e34-4cae-ab4c-053f7f272d47,2026-04-09,2,802.6,85.06%,Prospect
23f91b85-6e34-4cae-ab4c-053f7f272d47,2026-04-10,0,0.0,0.00%,Prospect
23f91b85-6e34-4cae-ab4c-053f7f272d47,04/11/2026,0,0.0,0.00%,Prospect
23f91b85-6e34-4cae-ab4c-053f7f272d47,04/12/2026,0,0.0,0.00%,Prospect
23f91b85-6e34-4cae-ab4c-053f7f272d47,2026-04-13,0,0.0,0.00%,Prospect
23f91b85-6e34-4cae-ab4c-053f7f272d47,04/14/2026,0,0.0,0.00%,Prospect
23f91b85-6e34-4cae-ab4c-053f7f272d47,04/15/2026,0,0.0,0.00%,Prospect
23f91b85-6e34-4cae-ab4c-053f7f272d47,2026-04-16,0,0.0,0.00%,Prospect
23f91b85-6e34-4cae-ab4c-053f7f272d47,2026-04-17,0,0.0,0.00%,Prospect
23f91b85-6e34-4cae-ab4c-053f7f272d47,04/18/2026,0,0.0,0.00%,Prospect
23f91b85-6e34-4cae-ab4c-053f7f272d47,2026-04-19,0,0.0,0.00%,Prospect
23f91b85-6e34-4cae-ab4c-053f7f272d47,04/20/2026,4,539.2,76.03%,Prospect
23f91b85-6e34-4cae-ab4c-053f7f272d47,04/21/2026,0,0.0,0.00%,Prospect
23f91b85-6e34-4cae-ab4c-053f7f272d47,04/22/2026,0,0.0,0.00%,Prospect
23f91b85-6e34-4cae-ab4c-053f7f272d47,2026-04-23,0,0.0,0.00%,Prospect
23f91b85-6e34-4cae-ab4c-053f7f272d47,04/24/2026,6,534.0,75.25%,Prospect
23f91b85-6e34-4cae-ab4c-053f7f272d47,2026-04-25,0,0.0,0.00%,Prospect
23f91b85-6e34-4cae-ab4c-053f7f272d47,2026-04-26,0,0.0,0.00%,Prospect
23f91b85-6e34-4cae-ab4c-053f7f272d47,04/27/2026,0,0.0,0.00%,Prospect
23f91b85-6e34-4cae-ab4c-053f7f272d47,04/28/2026,4,707.1,89.24%,Prospect
23f91b85-6e34-4cae-ab4c-053f7f272d47,2026-04-29,0,0.0,0.00%,Prospect
23f91b85-6e34-4cae-ab4c-053f7f272d47,2026-04-30,5,682.5,89.12%,Prospect
48ab93a2-ed01-4c04-a722-cb5f5e3992d1,04/01/2026,0,0.0,0.00%,Prospect
48ab93a2-ed01-4c04-a722-cb5f5e3992d1,2026-04-02,0,0.0,0.00%,Prospect
48ab93a2-ed01-4c04-a722-cb5f5e3992d1,04/03/2026,0,0.0,0.00%,Prospect
48ab93a2-ed01-4c04-a722-cb5f5e3992d1,2026-04-04,2,740.6,81.77%,Prospect
48ab93a2-ed01-4c04-a722-cb5f5e3992d1,2026-04-05,0,0.0,0.00%,Prospect
48ab93a2-ed01-4c04-a722-cb5f5e3992d1,04/06/2026,0,0.0,0.00%,Prospect
48ab93a2-ed01-4c04-a722-cb5f5e3992d1,2026-04-07,0,0.0,0.00%,Prospect
48ab93a2-ed01-4c04-a722-cb5f5e3992d1,04/08/2026,0,0.0,0.00%,Prospect
48ab93a2-ed01-4c04-a722-cb5f5e3992d1,2026-04-09,6,305.1,71.36%,Prospect
48ab93a2-ed01-4c04-a722-cb5f5e3992d1,04/10/2026,0,0.0,0.00%,Prospect
48ab93a2-ed01-4c04-a722-cb5f5e3992d1,2026-04-11,6,567.6,74.39%,Prospect
48ab93a2-ed01-4c04-a722-cb5f5e3992d1,2026-04-12,0,0.0,0.00%,Prospect
48ab93a2-ed01-4c04-a722-cb5f5e3992d1,2026-04-13,0,0.0,0.00%,Prospect
48ab93a2-ed01-4c04-a722-cb5f5e3992d1,2026-04-14,0,0.0,0.00%,Prospect
48ab93a2-ed01-4c04-a722-cb5f5e3992d1,04/15/2026,0,0.0,0.00%,Prospect
48ab93a2-ed01-4c04-a722-cb5f5e3992d1,04/16/2026,0,0.0,0.00%,Prospect
48ab93a2-ed01-4c04-a722-cb5f5e3992d1,04/17/2026,0,0.0,0.00%,Prospect
48ab93a2-ed01-4c04-a722-cb5f5e3992d1,04/18/2026,0,0.0,0.00%,Prospect
48ab93a2-ed01-4c04-a722-cb5f5e3992d1,04/19/2026,0,0.0,0.00%,Prospect
48ab93a2-ed01-4c04-a722-cb5f5e3992d1,04/20/2026,0,0.0,0.00%,Prospect
48ab93a2-ed01-4c04-a722-cb5f5e3992d1,2026-04-21,1,351.8,82.09%,Prospect
48ab93a2-ed01-4c04-a722-cb5f5e3992d1,04/22/2026,0,0.0,0.00%,Prospect
48ab93a2-ed01-4c04-a722-cb5f5e3992d1,04/23/2026,0,0.0,0.00%,Prospect
48ab93a2-ed01-4c04-a722-cb5f5e3992d1,04/24/2026,0,0.0,0.00%,Prospect
48ab93a2-ed01-4c04-a722-cb5f5e3992d1,2026-04-25,0,0.0,0.00%,Prospect
48ab93a2-ed01-4c04-a722-cb5f5e3992d1,2026-04-26,1,717.4,75.07%,Prospect
48ab93a2-ed01-4c04-a722-cb5f5e3992d1,04/27/2026,0,0.0,0.00%,Prospect
48ab93a2-ed01-4c04-a722-cb5f5e3992d1,04/28/2026,6,572.1,89.90%,Prospect
48ab93a2-ed01-4c04-a722-cb5f5e3992d1,2026-04-29,6,842.0,85.40%,Prospect
48ab93a2-ed01-4c04-a722-cb5f5e3992d1,2026-04-30,0,0.0,0.00%,Prospect
9f5b23f5-491a-4815-9f62-b3cfc40c110b,2026-04-01,0,0.0,0.00%,Prospect
9f5b23f5-491a-4815-9f62-b3cfc40c110b,2026-04-02,1,454.9,86.26%,Prospect
9f5b23f5-491a-4815-9f62-b3cfc40c110b,2026-04-03,0,0.0,0.00%,Prospect
9f5b23f5-491a-4815-9f62-b3cfc40c110b,04/04/2026,0,0.0,0.00%,Prospect
9f5b23f5-491a-4815-9f62-b3cfc40c110b,2026-04-05,0,0.0,0.00%,Prospect
9f5b23f5-491a-4815-9f62-b3cfc40c110b,2026-04-06,0,0.0,0.00%,Prospect
9f5b23f5-491a-4815-9f62-b3cfc40c110b,04/07/2026,0,0.0,0.00%,Prospect
9f5b23f5-491a-4815-9f62-b3cfc40c110b,2026-04-08,0,0.0,0.00%,Prospect
9f5b23f5-491a-4815-9f62-b3cfc40c110b,04/09/2026,5,761.2,74.37%,Prospect
9f5b23f5-491a-4815-9f62-b3cfc40c110b,04/10/2026,0,0.0,0.00%,Prospect
9f5b23f5-491a-4815-9f62-b3cfc40c110b,04/11/2026,0,0.0,0.00%,Prospect
9f5b23f5-491a-4815-9f62-b3cfc40c110b,2026-04-12,0,0.0,0.00%,Prospect
9f5b23f5-491a-4815-9f62-b3cfc40c110b,04/13/2026,1,342.2,84.55%,Prospect
9f5b23f5-491a-4815-9f62-b3cfc40c110b,2026-04-14,0,0.0,0.00%,Prospect
9f5b23f5-491a-4815-9f62-b3cfc40c110b,2026-04-15,0,0.0,0.00%,Prospect
9f5b23f5-491a-4815-9f62-b3cfc40c110b,04/16/2026,0,0.0,0.00%,Prospect
9f5b23f5-491a-4815-9f62-b3cfc40c110b,2026-04-17,0,0.0,0.00%,Prospect
9f5b23f5-491a-4815-9f62-b3cfc40c110b,2026-04-18,0,0.0,0.00%,Prospect
9f5b23f5-491a-4815-9f62-b3cfc40c110b,2026-04-19,0,0.0,0.00%,Prospect
9f5b23f5-491a-4815-9f62-b3cfc40c110b,2026-04-20,0,0.0,0.00%,Prospect
9f5b23f5-491a-4815-9f62-b3cfc40c110b,2026-04-21,0,0.0,0.00%,Prospect
9f5b23f5-491a-4815-9f62-b3cfc40c110b,2026-04-22,0,0.0,0.00%,Prospect
9f5b23f5-491a-4815-9f62-b3cfc40c110b,2026-04-23,0,0.0,0.00%,Prospect
9f5b23f5-491a-4815-9f62-b3cfc40c110b,04/24/2026,0,0.0,0.00%,Prospect
9f5b23f5-491a-4815-9f62-b3cfc40c110b,04/25/2026,4,586.9,78.08%,Prospect
9f5b23f5-491a-4815-9f62-b3cfc40c110b,04/26/2026,0,0.0,0.00%,Prospect
9f5b23f5-491a-4815-9f62-b3cfc40c110b,2026-04-27,0,0.0,0.00%,Prospect
9f5b23f5-491a-4815-9f62-b3cfc40c110b,2026-04-28,0,0.0,0.00%,Prospect
9f5b23f5-491a-4815-9f62-b3cfc40c110b,2026-04-29,0,0.0,0.00%,Prospect
9f5b23f5-491a-4815-9f62-b3cfc40c110b,04/30/2026,0,0.0,0.00%,Prospect
54f2931e-42d9-4e6b-98d7-db137af5fda3,04/01/2026,0,0.0,0.00%,Prospect
54f2931e-42d9-4e6b-98d7-db137af5fda3,04/02/2026,6,354.4,80.69%,Prospect
54f2931e-42d9-4e6b-98d7-db137af5fda3,2026-04-03,0,0.0,0.00%,Prospect
54f2931e-42d9-4e6b-98d7-db137af5fda3,2026-04-04,4,756.3,75.80%,Prospect
54f2931e-42d9-4e6b-98d7-db137af5fda3,04/05/2026,0,0.0,0.00%,Prospect
54f2931e-42d9-4e6b-98d7-db137af5fda3,04/06/2026,0,0.0,0.00%,Prospect
54f2931e-42d9-4e6b-98d7-db137af5fda3,04/07/2026,0,0.0,0.00%,Prospect
54f2931e-42d9-4e6b-98d7-db137af5fda3,2026-04-08,0,0.0,0.00%,Prospect
54f2931e-42d9-4e6b-98d7-db137af5fda3,2026-04-09,0,0.0,0.00%,Prospect
54f2931e-42d9-4e6b-98d7-db137af5fda3,2026-04-10,1,678.4,77.19%,Prospect
54f2931e-42d9-4e6b-98d7-db137af5fda3,2026-04-11,6,562.8,73.79%,Prospect
54f2931e-42d9-4e6b-98d7-db137af5fda3,2026-04-12,1,731.8,81.86%,Prospect
54f2931e-42d9-4e6b-98d7-db137af5fda3,2026-04-13,1,775.6,82.87%,Prospect
54f2931e-42d9-4e6b-98d7-db137af5fda3,04/14/2026,0,0.0,0.00%,Prospect
54f2931e-42d9-4e6b-98d7-db137af5fda3,04/15/2026,0,0.0,0.00%,Prospect
54f2931e-42d9-4e6b-98d7-db137af5fda3,04/16/2026,0,0.0,0.00%,Prospect
54f2931e-42d9-4e6b-98d7-db137af5fda3,2026-04-17,0,0.0,0.00%,Prospect
54f2931e-42d9-4e6b-98d7-db137af5fda3,2026-04-18,3,333.6,85.76%,Prospect
54f2931e-42d9-4e6b-98d7-db137af5fda3,04/19/2026,1,427.0,83.08%,Prospect
54f2931e-42d9-4e6b-98d7-db137af5fda3,04/20/2026,0,0.0,0.00%,Prospect
54f2931e-42d9-4e6b-98d7-db137af5fda3,04/21/2026,5,389.4,81.59%,Prospect
54f2931e-42d9-4e6b-98d7-db137af5fda3,2026-04-22,1,741.3,79.78%,Prospect
54f2931e-42d9-4e6b-98d7-db137af5fda3,04/23/2026,0,0.0,0.00%,Prospect
54f2931e-42d9-4e6b-98d7-db137af5fda3,04/24/2026,0,0.0,0.00%,Prospect
54f2931e-42d9-4e6b-98d7-db137af5fda3,2026-04-25,0,0.0,0.00%,Prospect
54f2931e-42d9-4e6b-98d7-db137af5fda3,04/26/2026,0,0.0,0.00%,Prospect
54f2931e-42d9-4e6b-98d7-db137af5fda3,2026-04-27,0,0.0,0.00%,Prospect
54f2931e-42d9-4e6b-98d7-db137af5fda3,04/28/2026,0,0.0,0.00%,Prospect
54f2931e-42d9-4e6b-98d7-db137af5fda3,04/29/2026,0,0.0,0.00%,Prospect
54f2931e-42d9-4e6b-98d7-db137af5fda3,04/30/2026,0,0.0,0.00%,Prospect
13c8afab-2eb8-4bef-8195-2b2a273eae63,04/01/2026,0,0.0,0.00%,Prospect
13c8afab-2eb8-4bef-8195-2b2a273eae63,04/02/2026,0,0.0,0.00%,Prospect
13c8afab-2eb8-4bef-8195-2b2a273eae63,2026-04-03,0,0.0,0.00%,Prospect
13c8afab-2eb8-4bef-8195-2b2a273eae63,2026-04-04,0,0.0,0.00%,Prospect
13c8afab-2eb8-4bef-8195-2b2a273eae63,04/05/2026,0,0.0,0.00%,Prospect
13c8afab-2eb8-4bef-8195-2b2a273eae63,2026-04-06,2,337.9,74.05%,Prospect
13c8afab-2eb8-4bef-8195-2b2a273eae63,04/07/2026,0,0.0,0.00%,Prospect
13c8afab-2eb8-4bef-8195-2b2a273eae63,04/08/2026,0,0.0,0.00%,Prospect
13c8afab-2eb8-4bef-8195-2b2a273eae63,2026-04-09,0,0.0,0.00%,Prospect
13c8afab-2eb8-4bef-8195-2b2a273eae63,2026-04-10,0,0.0,0.00%,Prospect
13c8afab-2eb8-4bef-8195-2b2a273eae63,04/11/2026,0,0.0,0.00%,Prospect
13c8afab-2eb8-4bef-8195-2b2a273eae63,04/12/2026,0,0.0,0.00%,Prospect
13c8afab-2eb8-4bef-8195-2b2a273eae63,2026-04-13,0,0.0,0.00%,Prospect
13c8afab-2eb8-4bef-8195-2b2a273eae63,04/14/2026,0,0.0,0.00%,Prospect
13c8afab-2eb8-4bef-8195-2b2a273eae63,2026-04-15,2,758.5,81.86%,Prospect
13c8afab-2eb8-4bef-8195-2b2a273eae63,2026-04-16,0,0.0,0.00%,Prospect
13c8afab-2eb8-4bef-8195-2b2a273eae63,2026-04-17,0,0.0,0.00%,Prospect
13c8afab-2eb8-4bef-8195-2b2a273eae63,2026-04-18,0,0.0,0.00%,Prospect
13c8afab-2eb8-4bef-8195-2b2a273eae63,04/19/2026,0,0.0,0.00%,Prospect
13c8afab-2eb8-4bef-8195-2b2a273eae63,04/20/2026,5,399.0,74.87%,Prospect
13c8afab-2eb8-4bef-8195-2b2a273eae63,2026-04-21,0,0.0,0.00%,Prospect
13c8afab-2eb8-4bef-8195-2b2a273eae63,04/22/2026,0,0.0,0.00%,Prospect
13c8afab-2eb8-4bef-8195-2b2a273eae63,04/23/2026,0,0.0,0.00%,Prospect
13c8afab-2eb8-4bef-8195-2b2a273eae63,2026-04-24,0,0.0,0.00%,Prospect
13c8afab-2eb8-4bef-8195-2b2a273eae63,2026-04-25,0,0.0,0.00%,Prospect
13c8afab-2eb8-4bef-8195-2b2a273eae63,04/26/2026,0,0.0,0.00%,Prospect
13c8afab-2eb8-4bef-8195-2b2a273eae63,2026-04-27,1,303.8,73.59%,Prospect
13c8afab-2eb8-4bef-8195-2b2a273eae63,04/28/2026,0,0.0,0.00%,Prospect
13c8afab-2eb8-4bef-8195-2b2a273eae63,04/29/2026,0,0.0,0.00%,Prospect
13c8afab-2eb8-4bef-8195-2b2a273eae63,2026-04-30,0,0.0,0.00%,Prospect
8946abb5-818d-4bd6-8a39-ffb366ca1224,04/01/2026,0,0.0,0.00%,Prospect
8946abb5-818d-4bd6-8a39-ffb366ca1224,04/02/2026,0,0.0,0.00%,Prospect
8946abb5-818d-4bd6-8a39-ffb366ca1224,2026-04-03,0,0.0,0.00%,Prospect
8946abb5-818d-4bd6-8a39-ffb366ca1224,2026-04-04,0,0.0,0.00%,Prospect
8946abb5-818d-4bd6-8a39-ffb366ca1224,04/05/2026,4,667.2,71.76%,Prospect
8946abb5-818d-4bd6-8a39-ffb366ca1224,2026-04-06,0,0.0,0.00%,Prospect
8946abb5-818d-4bd6-8a39-ffb366ca1224,2026-04-07,4,302.7,74.71%,Prospect
8946abb5-818d-4bd6-8a39-ffb366ca1224,04/08/2026,5,886.1,82.38%,Prospect
8946abb5-818d-4bd6-8a39-ffb366ca1224,04/09/2026,5,604.5,79.28%,Prospect
8946abb5-818d-4bd6-8a39-ffb366ca1224,2026-04-10,0,0.0,0.00%,Prospect
8946abb5-818d-4bd6-8a39-ffb366ca1224,2026-04-11,0,0.0,0.00%,Prospect
8946abb5-818d-4bd6-8a39-ffb366ca1224,2026-04-12,0,0.0,0.00%,Prospect
8946abb5-818d-4bd6-8a39-ffb366ca1224,2026-04-13,0,0.0,0.00%,Prospect
8946abb5-818d-4bd6-8a39-ffb366ca1224,04/14/2026,4,598.5,73.20%,Prospect
8946abb5-818d-4bd6-8a39-ffb366ca1224,2026-04-15,1,686.9,75.70%,Prospect
8946abb5-818d-4bd6-8a39-ffb366ca1224,2026-04-16,0,0.0,0.00%,Prospect
8946abb5-818d-4bd6-8a39-ffb366ca1224,04/17/2026,4,326.0,84.81%,Prospect
8946abb5-818d-4bd6-8a39-ffb366ca1224,2026-04-18,0,0.0,0.00%,Prospect
8946abb5-818d-4bd6-8a39-ffb366ca1224,04/19/2026,0,0.0,0.00%,Prospect
8946abb5-818d-4bd6-8a39-ffb366ca1224,2026-04-20,0,0.0,0.00%,Prospect
8946abb5-818d-4bd6-8a39-ffb366ca1224,2026-04-21,1,342.5,74.71%,Prospect
8946abb5-818d-4bd6-8a39-ffb366ca1224,04/22/2026,0,0.0,0.00%,Prospect
8946abb5-818d-4bd6-8a39-ffb366ca1224,2026-04-23,4,419.3,83.54%,Prospect
8946abb5-818d-4bd6-8a39-ffb366ca1224,04/24/2026,0,0.0,0.00%,Prospect
8946abb5-818d-4bd6-8a39-ffb366ca1224,2026-04-25,0,0.0,0.00%,Prospect
8946abb5-818d-4bd6-8a39-ffb366ca1224,2026-04-26,0,0.0,0.00%,Prospect
8946abb5-818d-4bd6-8a39-ffb366ca1224,04/27/2026,0,0.0,0.00%,Prospect
8946abb5-818d-4bd6-8a39-ffb366ca1224,04/28/2026,0,0.0,0.00%,Prospect
8946abb5-818d-4bd6-8a39-ffb366ca1224,04/29/2026,4,834.8,71.47%,Prospect
8946abb5-818d-4bd6-8a39-ffb366ca1224,2026-04-30,0,0.0,0.00%,Prospect
776fa79a-a241-45c5-b8fc-64d5df182b56,04/01/2026,0,0.0,0.00%,Prospect
776fa79a-a241-45c5-b8fc-64d5df182b56,04/02/2026,0,0.0,0.00%,Prospect
776fa79a-a241-45c5-b8fc-64d5df182b56,04/03/2026,0,0.0,0.00%,Prospect
776fa79a-a241-45c5-b8fc-64d5df182b56,2026-04-04,0,0.0,0.00%,Prospect
776fa79a-a241-45c5-b8fc-64d5df182b56,2026-04-05,2,319.3,81.37%,Prospect
776fa79a-a241-45c5-b8fc-64d5df182b56,2026-04-06,1,811.0,79.17%,Prospect
776fa79a-a241-45c5-b8fc-64d5df182b56,2026-04-07,3,431.9,75.90%,Prospect
776fa79a-a241-45c5-b8fc-64d5df182b56,04/08/2026,0,0.0,0.00%,Prospect
776fa79a-a241-45c5-b8fc-64d5df182b56,04/09/2026,0,0.0,0.00%,Prospect
776fa79a-a241-45c5-b8fc-64d5df182b56,04/10/2026,0,0.0,0.00%,Prospect
776fa79a-a241-45c5-b8fc-64d5df182b56,04/11/2026,0,0.0,0.00%,Prospect
776fa79a-a241-45c5-b8fc-64d5df182b56,04/12/2026,5,813.0,71.73%,Prospect
776fa79a-a241-45c5-b8fc-64d5df182b56,2026-04-13,4,817.3,74.33%,Prospect
776fa79a-a241-45c5-b8fc-64d5df182b56,2026-04-14,0,0.0,0.00%,Prospect
776fa79a-a241-45c5-b8fc-64d5df182b56,2026-04-15,1,738.0,84.72%,Prospect
776fa79a-a241-45c5-b8fc-64d5df182b56,2026-04-16,0,0.0,0.00%,Prospect
776fa79a-a241-45c5-b8fc-64d5df182b56,04/17/2026,0,0.0,0.00%,Prospect
776fa79a-a241-45c5-b8fc-64d5df182b56,04/18/2026,0,0.0,0.00%,Prospect
776fa79a-a241-45c5-b8fc-64d5df182b56,04/19/2026,0,0.0,0.00%,Prospect
776fa79a-a241-45c5-b8fc-64d5df182b56,2026-04-20,2,848.3,87.97%,Prospect
776fa79a-a241-45c5-b8fc-64d5df182b56,2026-04-21,0,0.0,0.00%,Prospect
776fa79a-a241-45c5-b8fc-64d5df182b56,04/22/2026,0,0.0,0.00%,Prospect
776fa79a-a241-45c5-b8fc-64d5df182b56,04/23/2026,0,0.0,0.00%,Prospect
776fa79a-a241-45c5-b8fc-64d5df182b56,04/24/2026,0,0.0,0.00%,Prospect
776fa79a-a241-45c5-b8fc-64d5df182b56,2026-04-25,0,0.0,0.00%,Prospect
776fa79a-a241-45c5-b8fc-64d5df182b56,2026-04-26,0,0.0,0.00%,Prospect
776fa79a-a241-45c5-b8fc-64d5df182b56,2026-04-27,6,792.8,79.05%,Prospect
776fa79a-a241-45c5-b8fc-64d5df182b56,04/28/2026,0,0.0,0.00%,Prospect
776fa79a-a241-45c5-b8fc-64d5df182b56,2026-04-29,0,0.0,0.00%,Prospect
776fa79a-a241-45c5-b8fc-64d5df182b56,2026-04-30,6,544.0,74.36%,Prospect
